34
704
608
0
736
608
0
736
640
0
704
640
0
736
608
0
768
608
0
768
640
0
736
640
0
768
608
0
800
608
0
800
640
0
768
640
0
768
640
0
800
640
0
800
672
0
768
672
0
736
640
0
768
640
0
768
672
0
736
672
0
736
640
0
768
640
0
768
672
0
736
672
0
704
640
0
736
640
0
736
672
0
704
672
0
768
576
0
800
576
0
800
608
0
768
608
0
768
576
0
800
576
0
800
608
0
768
608
0
800
576
0
832
576
0
832
608
0
800
608
0
800
544
0
832
544
0
832
576
0
800
576
0
832
544
0
864
544
0
864
576
0
832
576
0
832
576
0
864
576
0
864
608
0
832
608
0
832
576
0
864
576
0
864
608
0
832
608
0
832
512
0
864
512
0
864
544
0
832
544
0
800
512
0
832
512
0
832
544
0
800
544
0
800
512
0
832
512
0
832
544
0
800
544
0
800
512
0
832
512
0
832
544
0
800
544
0
800
480
0
832
480
0
832
512
0
800
512
0
800
480
0
832
480
0
832
512
0
800
512
0
800
480
0
832
480
0
832
512
0
800
512
0
800
480
0
832
480
0
832
512
0
800
512
0
832
448
0
864
448
0
864
480
0
832
480
0
800
448
0
832
448
0
832
480
0
800
480
0
800
448
0
832
448
0
832
480
0
800
480
0
832
416
0
864
416
0
864
448
0
832
448
0
800
416
0
832
416
0
832
448
0
800
448
0
800
416
0
832
416
0
832
448
0
800
448
0
864
416
0
896
416
0
896
448
0
864
448
0
864
448
0
896
448
0
896
480
0
864
480
0
864
448
0
896
448
0
896
480
0
864
480
0
896
416
0
928
416
0
928
448
0
896
448
0
896
416
0
928
416
0
928
448
0
896
448
0
896
448
0
928
448
0
928
480
0
896
480
0
