37
33
34
1206
1242
0

2
34
32
1242
1170
0

1
26
26
954
954
0

2
26
34
954
1242
0

2
26
23
954
846
0

2
26
31
954
1134
0

3
26
32
954
1170
0

1
32
32
1170
1170
0

1
40
31
1458
1134
0

3
40
30
1458
1098
0

0
31
23
1134
846
0

2
31
24
1134
882
0

2
39
32
1422
1170
0

1
39
31
1422
1134
0

3
38
34
1386
1242
0

2
27
34
990
1242
0

2
27
31
990
1134
0

3
27
28
990
1026
0

0
30
34
1098
1242
0

2
30
31
1098
1134
0

3
25
34
918
1242
0

2
25
32
918
1170
0

1
25
31
918
1134
0

3
29
34
1062
1242
0

2
35
34
1278
1242
0

2
36
34
1314
1242
0

2
36
32
1314
1170
0

1
41
32
1494
1170
0

1
45
32
1638
1170
0

1
46
32
1674
1170
0

1
46
31
1674
1134
0

3
28
32
1026
1170
0

1
28
29
1026
1062
0

0
47
32
1710
1170
0

1
47
31
1710
1134
0

3
48
32
1746
1170
0

1
49
32
1782
1170
0

1
