65
1408
800
0
1440
800
0
1440
832
0
1408
832
0
1408
800
0
1440
800
0
1440
832
0
1408
832
0
1408
832
0
1440
832
0
1440
864
0
1408
864
0
1440
800
0
1472
800
0
1472
832
0
1440
832
0
1440
800
0
1472
800
0
1472
832
0
1440
832
0
1440
800
0
1472
800
0
1472
832
0
1440
832
0
1472
832
0
1504
832
0
1504
864
0
1472
864
0
1504
832
0
1536
832
0
1536
864
0
1504
864
0
1504
832
0
1536
832
0
1536
864
0
1504
864
0
1536
832
0
1568
832
0
1568
864
0
1536
864
0
1536
832
0
1568
832
0
1568
864
0
1536
864
0
1536
832
0
1568
832
0
1568
864
0
1536
864
0
1536
832
0
1568
832
0
1568
864
0
1536
864
0
1536
832
0
1568
832
0
1568
864
0
1536
864
0
1536
832
0
1568
832
0
1568
864
0
1536
864
0
1536
832
0
1568
832
0
1568
864
0
1536
864
0
1536
832
0
1568
832
0
1568
864
0
1536
864
0
1536
832
0
1568
832
0
1568
864
0
1536
864
0
1536
832
0
1568
832
0
1568
864
0
1536
864
0
1536
832
0
1568
832
0
1568
864
0
1536
864
0
1568
832
0
1600
832
0
1600
864
0
1568
864
0
1568
832
0
1600
832
0
1600
864
0
1568
864
0
1568
832
0
1600
832
0
1600
864
0
1568
864
0
1568
832
0
1600
832
0
1600
864
0
1568
864
0
1568
832
0
1600
832
0
1600
864
0
1568
864
0
1568
832
0
1600
832
0
1600
864
0
1568
864
0
1568
832
0
1600
832
0
1600
864
0
1568
864
0
1568
832
0
1600
832
0
1600
864
0
1568
864
0
1568
832
0
1600
832
0
1600
864
0
1568
864
0
1600
832
0
1632
832
0
1632
864
0
1600
864
0
1600
832
0
1632
832
0
1632
864
0
1600
864
0
1600
832
0
1632
832
0
1632
864
0
1600
864
0
1600
832
0
1632
832
0
1632
864
0
1600
864
0
1600
832
0
1632
832
0
1632
864
0
1600
864
0
1600
832
0
1632
832
0
1632
864
0
1600
864
0
1600
832
0
1632
832
0
1632
864
0
1600
864
0
1600
832
0
1632
832
0
1632
864
0
1600
864
0
1632
832
0
1664
832
0
1664
864
0
1632
864
0
1632
832
0
1664
832
0
1664
864
0
1632
864
0
1632
832
0
1664
832
0
1664
864
0
1632
864
0
1632
832
0
1664
832
0
1664
864
0
1632
864
0
1632
832
0
1664
832
0
1664
864
0
1632
864
0
1632
832
0
1664
832
0
1664
864
0
1632
864
0
1632
832
0
1664
832
0
1664
864
0
1632
864
0
1632
832
0
1664
832
0
1664
864
0
1632
864
0
1632
832
0
1664
832
0
1664
864
0
1632
864
0
1664
832
0
1696
832
0
1696
864
0
1664
864
0
1664
832
0
1696
832
0
1696
864
0
1664
864
0
1664
832
0
1696
832
0
1696
864
0
1664
864
0
1664
832
0
1696
832
0
1696
864
0
1664
864
0
1664
832
0
1696
832
0
1696
864
0
1664
864
0
2016
832
0
2048
832
0
2048
864
0
2016
864
0
1248
704
0
1280
704
0
1280
736
0
1248
736
0
1248
768
0
1280
768
0
1280
800
0
1248
800
0
1088
640
0
1120
640
0
1120
672
0
1088
672
0
1088
736
0
1120
736
0
1120
768
0
1088
768
0
1504
608
0
1536
608
0
1536
640
0
1504
640
0
1504
608
0
1536
608
0
1536
640
0
1504
640
0
1376
608
0
1408
608
0
1408
640
0
1376
640
0
1408
544
0
1440
544
0
1440
576
0
1408
576
0
1504
640
0
1536
640
0
1536
672
0
1504
672
0
1536
576
0
1568
576
0
1568
608
0
1536
608
0
1568
640
0
1600
640
0
1600
672
0
1568
672
0
1568
640
0
1600
640
0
1600
672
0
1568
672
0
1568
640
0
1600
640
0
1600
672
0
1568
672
0
