83
352
288
0
384
288
0
384
320
0
352
320
0
352
288
0
384
288
0
384
320
0
352
320
0
352
352
0
384
352
0
384
384
0
352
384
0
320
736
0
352
736
0
352
768
0
320
768
0
320
736
0
352
736
0
352
768
0
320
768
0
320
768
0
352
768
0
352
800
0
320
800
0
320
736
0
352
736
0
352
768
0
320
768
0
608
192
0
640
192
0
640
224
0
608
224
0
608
192
0
640
192
0
640
224
0
608
224
0
608
288
0
640
288
0
640
320
0
608
320
0
640
768
0
672
768
0
672
800
0
640
800
0
928
192
0
960
192
0
960
224
0
928
224
0
1024
768
0
1056
768
0
1056
800
0
1024
800
0
1024
768
0
1056
768
0
1056
800
0
1024
800
0
1024
768
0
1056
768
0
1056
800
0
1024
800
0
1056
640
0
1088
640
0
1088
672
0
1056
672
0
1280
224
0
1312
224
0
1312
256
0
1280
256
0
1280
224
0
1312
224
0
1312
256
0
1280
256
0
1312
608
0
1344
608
0
1344
640
0
1312
640
0
1312
608
0
1344
608
0
1344
640
0
1312
640
0
1312
608
0
1344
608
0
1344
640
0
1312
640
0
1344
832
0
1376
832
0
1376
864
0
1344
864
0
1344
832
0
1376
832
0
1376
864
0
1344
864
0
416
2752
0
448
2752
0
448
2784
0
416
2784
0
416
2752
0
448
2752
0
448
2784
0
416
2784
0
416
2752
0
448
2752
0
448
2784
0
416
2784
0
832
2560
0
864
2560
0
864
2592
0
832
2592
0
832
2560
0
864
2560
0
864
2592
0
832
2592
0
896
2528
0
928
2528
0
928
2560
0
896
2560
0
864
2656
0
896
2656
0
896
2688
0
864
2688
0
736
3008
0
768
3008
0
768
3040
0
736
3040
0
736
3008
0
768
3008
0
768
3040
0
736
3040
0
736
3040
0
768
3040
0
768
3072
0
736
3072
0
768
2976
0
800
2976
0
800
3008
0
768
3008
0
1280
2656
0
1312
2656
0
1312
2688
0
1280
2688
0
1280
2656
0
1312
2656
0
1312
2688
0
1280
2688
0
1312
2656
0
1344
2656
0
1344
2688
0
1312
2688
0
1184
2816
0
1216
2816
0
1216
2848
0
1184
2848
0
576
2432
0
608
2432
0
608
2464
0
576
2464
0
576
2432
0
608
2432
0
608
2464
0
576
2464
0
576
2432
0
608
2432
0
608
2464
0
576
2464
0
672
2592
0
704
2592
0
704
2624
0
672
2624
0
1344
3008
0
1376
3008
0
1376
3040
0
1344
3040
0
1344
3008
0
1376
3008
0
1376
3040
0
1344
3040
0
1376
3040
0
1408
3040
0
1408
3072
0
1376
3072
0
1344
3008
0
1376
3008
0
1376
3040
0
1344
3040
0
1248
2496
0
1280
2496
0
1280
2528
0
1248
2528
0
1248
2496
0
1280
2496
0
1280
2528
0
1248
2528
0
1248
2496
0
1280
2496
0
1280
2528
0
1248
2528
0
1248
2496
0
1280
2496
0
1280
2528
0
1248
2528
0
1248
2496
0
1280
2496
0
1280
2528
0
1248
2528
0
1248
2528
0
1280
2528
0
1280
2560
0
1248
2560
0
1248
2528
0
1280
2528
0
1280
2560
0
1248
2560
0
1248
2624
0
1280
2624
0
1280
2656
0
1248
2656
0
1248
2752
0
1280
2752
0
1280
2784
0
1248
2784
0
1248
2752
0
1280
2752
0
1280
2784
0
1248
2784
0
2432
2528
0
2464
2528
0
2464
2560
0
2432
2560
0
2592
3008
0
2624
3008
0
2624
3040
0
2592
3040
0
2848
2528
0
2880
2528
0
2880
2560
0
2848
2560
0
2880
3040
0
2912
3040
0
2912
3072
0
2880
3072
0
2912
2560
0
2944
2560
0
2944
2592
0
2912
2592
0
2944
2976
0
2976
2976
0
2976
3008
0
2944
3008
0
2464
2688
0
2496
2688
0
2496
2720
0
2464
2720
0
2464
2688
0
2496
2688
0
2496
2720
0
2464
2720
0
2464
2688
0
2496
2688
0
2496
2720
0
2464
2720
0
2432
2688
0
2464
2688
0
2464
2720
0
2432
2720
0
2432
2688
0
2464
2688
0
2464
2720
0
2432
2720
0
2432
2688
0
2464
2688
0
2464
2720
0
2432
2720
0
2400
2432
0
2432
2432
0
2432
2464
0
2400
2464
0
2592
2848
0
2624
2848
0
2624
2880
0
2592
2880
0
2592
2848
0
2624
2848
0
2624
2880
0
2592
2880
0
2624
2848
0
2656
2848
0
2656
2880
0
2624
2880
0
2624
2848
0
2656
2848
0
2656
2880
0
2624
2880
0
2624
2848
0
2656
2848
0
2656
2880
0
2624
2880
0
2528
416
0
2560
416
0
2560
448
0
2528
448
0
2528
416
0
2560
416
0
2560
448
0
2528
448
0
2432
768
0
2464
768
0
2464
800
0
2432
800
0
2688
384
0
2720
384
0
2720
416
0
2688
416
0
2784
896
0
2816
896
0
2816
928
0
2784
928
0
3008
480
0
3040
480
0
3040
512
0
3008
512
0
2400
352
0
2432
352
0
2432
384
0
2400
384
0
2272
640
0
2304
640
0
2304
672
0
2272
672
0
2208
384
0
2240
384
0
2240
416
0
2208
416
0
