72
0
176
400
0

16
0
336
656
0

16
0
240
784
0

16
0
720
880
0

16
0
848
496
0

16
0
656
304
0

16
0
976
208
0

16
0
1264
368
0

16
0
1232
656
0

16
0
1200
848
0

16
0
1488
592
0

16
0
1584
368
0

16
0
1392
208
0

16
0
1360
208
0

16
0
560
688
0

18
0
848
688
0

18
0
1104
624
0

18
0
816
368
0

18
0
624
176
0

18
0
400
208
0

18
0
368
336
0

18
0
272
208
0

18
0
176
240
0

18
0
80
336
0

18
0
112
560
0

18
0
112
752
0

18
0
112
880
0

18
0
304
944
0

18
0
624
1008
0

18
0
1008
1040
0

18
0
1296
1008
0

18
0
1648
976
0

18
0
1712
752
0

18
0
1712
432
0

18
0
1712
304
0

18
0
1552
176
0

18
0
1296
112
0

18
0
1072
80
0

18
0
816
80
0

18
0
464
80
0

18
0
304
80
0

18
0
144
112
0

18
0
48
208
0

18
0
592
400
0

18
0
688
624
0

18
0
816
784
0

18
0
944
880
0

18
0
1040
944
0

18
0
1424
944
0

18
0
1392
720
0

18
0
1360
592
0

18
0
1360
560
0

18
0
1136
496
0

18
0
976
336
0

18
0
880
208
0

18
0
976
112
0

18
0
1200
80
0

18
0
1232
208
0

18
0
1392
336
0

18
0
1456
432
0

18
0
1776
592
0

18
0
1680
688
0

18
0
1840
208
0

18
0
1712
144
0

18
0
1584
656
0

18
0
1552
816
0

18
0
1392
880
0

18
0
1264
912
0

18
0
1040
816
0

18
0
1008
720
0

18
0
1008
592
0

18
0
880
592
0

18
