72
160
384
0
192
384
0
192
416
0
160
416
0
320
640
0
352
640
0
352
672
0
320
672
0
224
768
0
256
768
0
256
800
0
224
800
0
704
864
0
736
864
0
736
896
0
704
896
0
832
480
0
864
480
0
864
512
0
832
512
0
640
288
0
672
288
0
672
320
0
640
320
0
960
192
0
992
192
0
992
224
0
960
224
0
1248
352
0
1280
352
0
1280
384
0
1248
384
0
1216
640
0
1248
640
0
1248
672
0
1216
672
0
1184
832
0
1216
832
0
1216
864
0
1184
864
0
1472
576
0
1504
576
0
1504
608
0
1472
608
0
1568
352
0
1600
352
0
1600
384
0
1568
384
0
1376
192
0
1408
192
0
1408
224
0
1376
224
0
1344
192
0
1376
192
0
1376
224
0
1344
224
0
544
672
0
576
672
0
576
704
0
544
704
0
832
672
0
864
672
0
864
704
0
832
704
0
1088
608
0
1120
608
0
1120
640
0
1088
640
0
800
352
0
832
352
0
832
384
0
800
384
0
608
160
0
640
160
0
640
192
0
608
192
0
384
192
0
416
192
0
416
224
0
384
224
0
352
320
0
384
320
0
384
352
0
352
352
0
256
192
0
288
192
0
288
224
0
256
224
0
160
224
0
192
224
0
192
256
0
160
256
0
64
320
0
96
320
0
96
352
0
64
352
0
96
544
0
128
544
0
128
576
0
96
576
0
96
736
0
128
736
0
128
768
0
96
768
0
96
864
0
128
864
0
128
896
0
96
896
0
320
928
0
352
928
0
352
960
0
320
960
0
608
992
0
640
992
0
640
1024
0
608
1024
0
992
1024
0
1024
1024
0
1024
1056
0
992
1056
0
1280
992
0
1312
992
0
1312
1024
0
1280
1024
0
1632
960
0
1664
960
0
1664
992
0
1632
992
0
1696
736
0
1728
736
0
1728
768
0
1696
768
0
1696
416
0
1728
416
0
1728
448
0
1696
448
0
1696
288
0
1728
288
0
1728
320
0
1696
320
0
1536
160
0
1568
160
0
1568
192
0
1536
192
0
1280
96
0
1312
96
0
1312
128
0
1280
128
0
1056
64
0
1088
64
0
1088
96
0
1056
96
0
800
64
0
832
64
0
832
96
0
800
96
0
448
64
0
480
64
0
480
96
0
448
96
0
288
64
0
320
64
0
320
96
0
288
96
0
128
96
0
160
96
0
160
128
0
128
128
0
32
192
0
64
192
0
64
224
0
32
224
0
608
384
0
640
384
0
640
416
0
608
416
0
672
608
0
704
608
0
704
640
0
672
640
0
800
768
0
832
768
0
832
800
0
800
800
0
928
864
0
960
864
0
960
896
0
928
896
0
1024
928
0
1056
928
0
1056
960
0
1024
960
0
1408
928
0
1440
928
0
1440
960
0
1408
960
0
1376
704
0
1408
704
0
1408
736
0
1376
736
0
1376
576
0
1408
576
0
1408
608
0
1376
608
0
1344
544
0
1376
544
0
1376
576
0
1344
576
0
1120
480
0
1152
480
0
1152
512
0
1120
512
0
960
320
0
992
320
0
992
352
0
960
352
0
864
192
0
896
192
0
896
224
0
864
224
0
960
96
0
992
96
0
992
128
0
960
128
0
1184
64
0
1216
64
0
1216
96
0
1184
96
0
1216
192
0
1248
192
0
1248
224
0
1216
224
0
1376
320
0
1408
320
0
1408
352
0
1376
352
0
1440
416
0
1472
416
0
1472
448
0
1440
448
0
1760
576
0
1792
576
0
1792
608
0
1760
608
0
1664
672
0
1696
672
0
1696
704
0
1664
704
0
1824
192
0
1856
192
0
1856
224
0
1824
224
0
1696
128
0
1728
128
0
1728
160
0
1696
160
0
1568
640
0
1600
640
0
1600
672
0
1568
672
0
1536
800
0
1568
800
0
1568
832
0
1536
832
0
1376
864
0
1408
864
0
1408
896
0
1376
896
0
1248
896
0
1280
896
0
1280
928
0
1248
928
0
1024
800
0
1056
800
0
1056
832
0
1024
832
0
992
704
0
1024
704
0
1024
736
0
992
736
0
992
576
0
1024
576
0
1024
608
0
992
608
0
864
576
0
896
576
0
896
608
0
864
608
0
