74
0
976
368
0
14
0
976
240
0
14
0
432
240
0
14
0
432
528
0
14
0
432
560
0
14
0
368
208
0
14
0
752
208
0
14
0
784
528
0
14
0
1200
336
0
14
0
1296
656
0
14
0
1296
688
0
14
0
1424
272
0
14
0
1104
144
0
14
0
624
80
0
14
0
304
112
0
14
0
208
432
0
14
0
208
464
0
14
0
112
528
0
14
0
112
560
0
14
0
112
208
0
14
0
560
624
0
14
0
592
624
0
14
0
1008
624
0
14
0
1040
784
0
14
0
1040
816
0
14
0
240
816
0
26
0
656
912
0
26
0
784
912
0
26
0
304
784
0
8
0
624
912
0
8
0
816
944
0
8
0
848
848
0
8
0
688
464
0
8
0
560
400
0
8
0
848
208
0
8
0
848
176
0
8
0
880
112
0
8
0
1072
112
0
8
0
1264
112
0
8
0
1360
272
0
8
0
1360
304
0
8
0
1392
496
0
8
0
1520
624
0
8
0
1680
368
0
8
0
1616
176
0
8
0
1424
144
0
8
0
1264
48
0
8
0
1008
48
0
8
0
752
48
0
8
0
592
16
0
8
0
368
48
0
8
0
208
16
0
8
0
112
80
0
8
0
48
272
0
8
0
80
656
0
8
0
80
816
0
8
0
304
944
0
8
0
528
976
0
8
0
176
976
0
8
0
304
656
0
8
0
336
464
0
8
0
656
464
0
8
0
688
592
0
8
0
912
560
0
8
0
1200
624
0
8
0
1264
560
0
8
0
1488
752
0
13
0
1424
944
0
13
0
1680
848
0
13
0
1712
592
0
13
0
1584
496
0
13
0
1584
368
0
13
0
1712
304
0
13
0
1744
208
0
13
