32
0
400
464
0

17
0
304
688
0

17
0
880
528
0

17
0
912
528
0

17
0
944
528
0

17
0
1072
784
0

17
0
1072
816
0

17
0
1328
432
0

17
0
880
272
0

17
0
464
208
0

17
0
304
240
0

17
0
464
848
0

14
0
560
560
0

14
0
656
304
0

14
0
720
208
0

14
0
1168
208
0

14
0
1168
432
0

14
0
1168
464
0

14
0
1296
656
0

14
0
1392
784
0

14
0
1648
656
0

14
0
1616
464
0

14
0
624
816
0

2
0
880
848
0

2
0
816
976
0

2
0
592
1008
0

2
0
720
656
0

2
0
720
496
0

2
0
560
400
0

2
0
592
240
0

2
0
848
144
0

2
0
1104
112
0

2
