31
384
448
0
416
448
0
416
480
0
384
480
0
288
672
0
320
672
0
320
704
0
288
704
0
864
512
0
896
512
0
896
544
0
864
544
0
896
512
0
928
512
0
928
544
0
896
544
0
928
512
0
960
512
0
960
544
0
928
544
0
1056
768
0
1088
768
0
1088
800
0
1056
800
0
1056
800
0
1088
800
0
1088
832
0
1056
832
0
1312
416
0
1344
416
0
1344
448
0
1312
448
0
864
256
0
896
256
0
896
288
0
864
288
0
448
224
0
480
224
0
480
256
0
448
256
0
288
224
0
320
224
0
320
256
0
288
256
0
448
832
0
480
832
0
480
864
0
448
864
0
544
544
0
576
544
0
576
576
0
544
576
0
640
288
0
672
288
0
672
320
0
640
320
0
704
192
0
736
192
0
736
224
0
704
224
0
1152
192
0
1184
192
0
1184
224
0
1152
224
0
1152
448
0
1184
448
0
1184
480
0
1152
480
0
1280
640
0
1312
640
0
1312
672
0
1280
672
0
1376
768
0
1408
768
0
1408
800
0
1376
800
0
1632
640
0
1664
640
0
1664
672
0
1632
672
0
1600
448
0
1632
448
0
1632
480
0
1600
480
0
608
800
0
640
800
0
640
832
0
608
832
0
864
832
0
896
832
0
896
864
0
864
864
0
800
960
0
832
960
0
832
992
0
800
992
0
576
992
0
608
992
0
608
1024
0
576
1024
0
704
640
0
736
640
0
736
672
0
704
672
0
704
480
0
736
480
0
736
512
0
704
512
0
544
384
0
576
384
0
576
416
0
544
416
0
576
224
0
608
224
0
608
256
0
576
256
0
832
128
0
864
128
0
864
160
0
832
160
0
1088
96
0
1120
96
0
1120
128
0
1088
128
0
