43
0
624
304
0
14
0
624
528
0
14
0
784
368
0
14
0
912
560
0
14
0
976
336
0
14
0
1072
560
0
14
0
1168
336
0
14
0
1200
592
0
14
0
1328
336
0
14
0
784
208
0
14
0
336
272
0
14
0
304
304
0
14
0
720
656
0
19
0
432
656
0
19
0
400
528
0
19
0
400
496
0
19
0
272
496
0
19
0
176
528
0
19
0
720
368
0
15
0
816
240
0
15
0
944
304
0
15
0
944
336
0
15
0
944
496
0
15
0
1040
240
0
15
0
1072
464
0
15
0
1232
432
0
15
0
1328
528
0
15
0
1328
560
0
15
0
1264
752
0
15
0
1008
784
0
15
0
848
464
0
15
0
656
400
0
15
0
560
208
0
15
0
368
112
0
15
0
240
176
0
15
0
528
336
0
15
0
560
336
0
15
0
528
624
0
15
0
272
752
0
15
0
464
880
0
15
0
496
880
0
15
0
656
752
0
15
0
656
880
0
15
