321
0
1062
2790
0

102
0
1134
2790
0

102
0
1206
2790
0

102
0
1422
2790
0

102
0
1494
2790
0

102
0
1566
2790
0

102
0
1638
2790
0

102
0
1710
2790
0

102
0
1098
2790
0

103
0
1170
2790
0

103
0
1242
2790
0

103
0
1386
2790
0

103
0
1314
2790
0

103
0
1458
2790
0

103
0
1530
2790
0

103
0
1602
2790
0

103
0
1674
2790
0

103
0
1278
2790
0

102
0
1350
2790
0

102
0
1746
2790
0

103
0
1026
2790
0

103
0
1062
2754
0

283
0
1134
2754
0

283
0
1206
2754
0

283
0
1278
2754
0

283
0
1350
2754
0

283
0
1422
2754
0

283
0
1566
2754
0

283
0
1638
2754
0

283
0
1710
2754
0

283
0
1746
2754
0

284
0
1674
2754
0

284
0
1602
2754
0

284
0
1458
2754
0

284
0
1386
2754
0

284
0
1314
2754
0

284
0
1242
2754
0

284
0
1170
2754
0

284
0
1098
2754
0

284
0
1530
2754
0

284
0
1494
2754
0

283
0
1026
2754
0

283
0
1098
2718
0

353
0
1098
2682
0

352
0
1062
2718
0

361
0
1026
2718
0

361
0
1062
2682
0

359
0
1026
2682
0

358
0
1026
2646
0

341
0
1062
2646
0

351
0
1098
2646
0

360
0
1098
2610
0

352
0
1062
2610
0

351
0
1026
2610
0

358
0
1026
2574
0

349
0
1062
2574
0

351
0
1098
2574
0

360
0
1098
2538
0

352
0
1062
2538
0

359
0
1026
2538
0

359
0
1134
2718
0

339
0
1170
2718
0

340
0
1206
2718
0

340
0
1242
2718
0

340
0
1278
2718
0

333
0
1278
2682
0

330
0
1278
2646
0

318
0
1278
2538
0

318
0
1134
2610
0

339
0
1278
2610
0

333
0
1278
2574
0

330
0
1134
2538
0

316
0
1134
2646
0

316
0
1170
2538
0

317
0
1206
2538
0

317
0
1242
2538
0

317
0
1170
2646
0

317
0
1206
2646
0

317
0
1242
2646
0

317
0
1170
2610
0

340
0
1206
2610
0

340
0
1242
2610
0

340
0
1134
2682
0

328
0
1134
2574
0

328
0
1170
2574
0

329
0
1206
2574
0

329
0
1242
2574
0

329
0
1242
2682
0

329
0
1206
2682
0

329
0
1170
2682
0

329
0
1314
2538
0

319
0
1314
2574
0

319
0
1314
2610
0

319
0
1314
2646
0

319
0
1314
2682
0

319
0
1314
2718
0

319
0
1350
2610
0

354
0
1350
2574
0

354
0
1350
2538
0

354
0
1350
2646
0

354
0
1350
2682
0

362
0
1386
2682
0

363
0
1350
2718
0

367
0
1386
2718
0

368
0
1386
2646
0

355
0
1386
2610
0

355
0
1386
2574
0

355
0
1386
2538
0

355
0
1422
2538
0

341
0
1422
2574
0

358
0
1422
2610
0

349
0
1458
2610
0

351
0
1422
2646
0

353
0
1422
2682
0

353
0
1422
2718
0

361
0
1458
2646
0

336
0
1458
2682
0

336
0
1458
2718
0

351
0
1494
2718
0

351
0
1530
2718
0

351
0
1494
2610
0

329
0
1494
2646
0

329
0
1494
2682
0

329
0
1458
2574
0

267
0
1494
2574
0

269
0
1494
2538
0

255
0
1494
2502
0

255
0
1458
2538
0

247
0
1458
2502
0

247
0
1062
2502
0

194
0
1134
2502
0

194
0
1206
2502
0

194
0
1350
2502
0

194
0
1422
2502
0

194
0
1386
2502
0

188
0
1314
2502
0

188
0
1242
2502
0

188
0
1170
2502
0

188
0
1098
2502
0

188
0
1278
2502
0

194
0
1026
2502
0

188
0
1566
2502
0

188
0
1638
2502
0

188
0
1530
2502
0

194
0
1602
2502
0

194
0
1710
2502
0

374
0
1674
2502
0

374
0
1530
2574
0

328
0
1530
2610
0

328
0
1530
2646
0

328
0
1566
2682
0

333
0
1530
2682
0

339
0
1566
2574
0

330
0
1566
2610
0

330
0
1566
2646
0

330
0
1530
2538
0

316
0
1566
2538
0

318
0
1566
2718
0

351
0
1602
2718
0

360
0
1602
2682
0

353
0
1602
2646
0

353
0
1602
2610
0

353
0
1602
2574
0

349
0
1602
2538
0

319
0
1638
2574
0

342
0
1674
2574
0

343
0
1638
2610
0

354
0
1638
2646
0

354
0
1638
2682
0

354
0
1638
2718
0

354
0
1674
2610
0

355
0
1674
2646
0

355
0
1674
2682
0

355
0
1674
2718
0

355
0
1638
2538
0

332
0
1674
2538
0

325
0
1746
2718
0

351
0
1782
2718
0

351
0
1710
2574
0

351
0
1746
2574
0

351
0
1746
2538
0

351
0
1782
2574
0

360
0
1782
2538
0

352
0
1710
2538
0

341
0
1710
2610
0

353
0
1710
2646
0

353
0
1710
2682
0

353
0
1710
2718
0

358
0
1782
2682
0

333
0
1782
2610
0

318
0
1782
2646
0

330
0
1746
2646
0

328
0
1746
2610
0

316
0
1746
2682
0

339
0
1818
2538
0

319
0
1818
2574
0

319
0
1818
2682
0

361
0
1818
2718
0

360
0
1818
2646
0

353
0
1818
2610
0

341
0
1782
2754
0

283
0
1818
2754
0

284
0
1818
2790
0

190
0
1782
2790
0

190
0
1890
2790
0

278
0
1926
2790
0

278
0
1962
2790
0

278
0
1998
2790
0

278
0
1926
2754
0

260
0
1890
2754
0

265
0
1962
2754
0

265
0
1854
2754
0

265
0
1854
2790
0

278
0
2034
2790
0

278
0
2034
2754
0

280
0
1998
2754
0

262
0
1746
2502
0

374
0
1782
2502
0

374
0
1818
2502
0

269
0
1818
2466
0

255
0
1818
2430
0

255
0
1890
2718
0

368
0
1854
2718
0

367
0
1890
2682
0

363
0
1854
2682
0

362
0
1854
2646
0

354
0
1890
2646
0

355
0
1854
2610
0

342
0
1890
2610
0

343
0
1890
2574
0

325
0
1854
2574
0

332
0
1890
2538
0

321
0
1854
2538
0

320
0
1890
2502
0

321
0
1854
2502
0

320
0
1854
2466
0

320
0
1890
2466
0

321
0
1926
2466
0

316
0
1962
2502
0

333
0
1926
2502
0

339
0
1962
2466
0

318
0
1962
2538
0

351
0
1962
2574
0

351
0
1998
2574
0

351
0
2034
2610
0

318
0
1926
2718
0

339
0
2034
2718
0

333
0
2034
2646
0

330
0
2034
2682
0

330
0
1926
2646
0

328
0
1926
2682
0

328
0
1926
2610
0

316
0
1962
2610
0

317
0
1998
2610
0

317
0
1962
2718
0

340
0
1998
2718
0

340
0
1962
2646
0

329
0
1998
2646
0

329
0
1998
2682
0

329
0
1962
2682
0

329
0
1926
2574
0

358
0
1926
2538
0

349
0
2034
2574
0

360
0
1998
2538
0

360
0
2034
2538
0

353
0
1998
2502
0

353
0
1998
2466
0

353
0
2034
2502
0

353
0
2034
2466
0

349
0
2070
2466
0

359
0
2106
2466
0

359
0
2070
2502
0

349
0
2106
2502
0

359
0
2142
2502
0

360
0
2142
2466
0

352
0
2070
2538
0

353
0
2070
2574
0

353
0
2070
2610
0

353
0
2070
2646
0

353
0
2070
2682
0

353
0
2070
2718
0

358
0
2106
2718
0

359
0
2142
2646
0

330
0
2106
2646
0

328
0
2142
2610
0

318
0
2142
2538
0

318
0
2142
2574
0

333
0
2106
2538
0

316
0
2106
2574
0

339
0
2106
2610
0

316
0
2142
2682
0

333
0
2106
2682
0

339
0
2178
2466
0

316
0
2214
2502
0

330
0
2214
2538
0

330
0
2214
2574
0

330
0
2214
2610
0

330
0
2214
2646
0

330
0
2214
2682
0

333
0
2178
2682
0

339
0
2178
2646
0

328
0
2178
2610
0

328
0
2178
2574
0

328
0
2178
2538
0

328
0
2178
2502
0

328
0
2214
2466
0

318
0
2394
2466
0

318
0
2358
2466
0

316
0
2394
2682
0

333
0
2358
2682
0

339
0
2394
2646
0

330
0
2394
2610
0

330
0
2394
2574
0

330
0
2394
2538
0

330
0
2394
2502
0

330
0
2358
2502
0

328
0
2358
2538
0

328
0
2358
2574
0

328
0
2358
2610
0

328
0
2358
2646
0

328
0
2358
2682
0

328
