268
972
2484
0
1008
2484
0
1008
2520
0
972
2520
0
972
2520
0
1008
2520
0
1008
2556
0
972
2556
0
972
2556
0
1008
2556
0
1008
2592
0
972
2592
0
972
2592
0
1008
2592
0
1008
2628
0
972
2628
0
972
2628
0
1008
2628
0
1008
2664
0
972
2664
0
972
2664
0
1008
2664
0
1008
2700
0
972
2700
0
972
2700
0
1008
2700
0
1008
2736
0
972
2736
0
972
2736
0
1008
2736
0
1008
2772
0
972
2772
0
1008
2736
0
1044
2736
0
1044
2772
0
1008
2772
0
1044
2736
0
1080
2736
0
1080
2772
0
1044
2772
0
1080
2736
0
1116
2736
0
1116
2772
0
1080
2772
0
1116
2736
0
1152
2736
0
1152
2772
0
1116
2772
0
1152
2736
0
1188
2736
0
1188
2772
0
1152
2772
0
1188
2736
0
1224
2736
0
1224
2772
0
1188
2772
0
1224
2736
0
1260
2736
0
1260
2772
0
1224
2772
0
1260
2736
0
1296
2736
0
1296
2772
0
1260
2772
0
1296
2736
0
1332
2736
0
1332
2772
0
1296
2772
0
1332
2736
0
1368
2736
0
1368
2772
0
1332
2772
0
1368
2736
0
1404
2736
0
1404
2772
0
1368
2772
0
1404
2736
0
1440
2736
0
1440
2772
0
1404
2772
0
1440
2736
0
1476
2736
0
1476
2772
0
1440
2772
0
1476
2736
0
1512
2736
0
1512
2772
0
1476
2772
0
1512
2736
0
1548
2736
0
1548
2772
0
1512
2772
0
1548
2736
0
1584
2736
0
1584
2772
0
1548
2772
0
1584
2736
0
1620
2736
0
1620
2772
0
1584
2772
0
1620
2736
0
1656
2736
0
1656
2772
0
1620
2772
0
1656
2736
0
1692
2736
0
1692
2772
0
1656
2772
0
1692
2736
0
1728
2736
0
1728
2772
0
1692
2772
0
1728
2736
0
1764
2736
0
1764
2772
0
1728
2772
0
1764
2736
0
1800
2736
0
1800
2772
0
1764
2772
0
1800
2736
0
1836
2736
0
1836
2772
0
1800
2772
0
1440
2484
0
1476
2484
0
1476
2520
0
1440
2520
0
1440
2520
0
1476
2520
0
1476
2556
0
1440
2556
0
1440
2556
0
1476
2556
0
1476
2592
0
1440
2592
0
1476
2556
0
1512
2556
0
1512
2592
0
1476
2592
0
1476
2520
0
1512
2520
0
1512
2556
0
1476
2556
0
1476
2484
0
1512
2484
0
1512
2520
0
1476
2520
0
1008
2484
0
1044
2484
0
1044
2520
0
1008
2520
0
1044
2484
0
1080
2484
0
1080
2520
0
1044
2520
0
1080
2484
0
1116
2484
0
1116
2520
0
1080
2520
0
1116
2484
0
1152
2484
0
1152
2520
0
1116
2520
0
1152
2484
0
1188
2484
0
1188
2520
0
1152
2520
0
1188
2484
0
1224
2484
0
1224
2520
0
1188
2520
0
1224
2484
0
1260
2484
0
1260
2520
0
1224
2520
0
1260
2484
0
1296
2484
0
1296
2520
0
1260
2520
0
1296
2484
0
1332
2484
0
1332
2520
0
1296
2520
0
1332
2484
0
1368
2484
0
1368
2520
0
1332
2520
0
1368
2484
0
1404
2484
0
1404
2520
0
1368
2520
0
1404
2484
0
1440
2484
0
1440
2520
0
1404
2520
0
1512
2484
0
1548
2484
0
1548
2520
0
1512
2520
0
1548
2484
0
1584
2484
0
1584
2520
0
1548
2520
0
1584
2484
0
1620
2484
0
1620
2520
0
1584
2520
0
1620
2484
0
1656
2484
0
1656
2520
0
1620
2520
0
1656
2484
0
1692
2484
0
1692
2520
0
1656
2520
0
1692
2484
0
1728
2484
0
1728
2520
0
1692
2520
0
1728
2484
0
1764
2484
0
1764
2520
0
1728
2520
0
1764
2484
0
1800
2484
0
1800
2520
0
1764
2520
0
1800
2484
0
1836
2484
0
1836
2520
0
1800
2520
0
1800
2448
0
1836
2448
0
1836
2484
0
1800
2484
0
1800
2412
0
1836
2412
0
1836
2448
0
1800
2448
0
1836
2412
0
1872
2412
0
1872
2448
0
1836
2448
0
1872
2412
0
1908
2412
0
1908
2448
0
1872
2448
0
1800
2772
0
1836
2772
0
1836
2808
0
1800
2808
0
1800
2808
0
1836
2808
0
1836
2844
0
1800
2844
0
1800
2844
0
1836
2844
0
1836
2880
0
1800
2880
0
1800
2880
0
1836
2880
0
1836
2916
0
1800
2916
0
1800
2916
0
1836
2916
0
1836
2952
0
1800
2952
0
1800
2952
0
1836
2952
0
1836
2988
0
1800
2988
0
1800
2988
0
1836
2988
0
1836
3024
0
1800
3024
0
1800
3024
0
1836
3024
0
1836
3060
0
1800
3060
0
1800
3060
0
1836
3060
0
1836
3096
0
1800
3096
0
1800
3096
0
1836
3096
0
1836
3132
0
1800
3132
0
1800
3132
0
1836
3132
0
1836
3168
0
1800
3168
0
1836
3132
0
1872
3132
0
1872
3168
0
1836
3168
0
1872
3132
0
1908
3132
0
1908
3168
0
1872
3168
0
1908
3132
0
1944
3132
0
1944
3168
0
1908
3168
0
1944
3132
0
1980
3132
0
1980
3168
0
1944
3168
0
1980
3132
0
2016
3132
0
2016
3168
0
1980
3168
0
2016
3132
0
2052
3132
0
2052
3168
0
2016
3168
0
2052
3132
0
2088
3132
0
2088
3168
0
2052
3168
0
2088
3132
0
2124
3132
0
2124
3168
0
2088
3168
0
2124
3132
0
2160
3132
0
2160
3168
0
2124
3168
0
2160
3132
0
2196
3132
0
2196
3168
0
2160
3168
0
2196
3132
0
2232
3132
0
2232
3168
0
2196
3168
0
2232
3132
0
2268
3132
0
2268
3168
0
2232
3168
0
2268
3132
0
2304
3132
0
2304
3168
0
2268
3168
0
2304
3132
0
2340
3132
0
2340
3168
0
2304
3168
0
2376
3132
0
2412
3132
0
2412
3168
0
2376
3168
0
2412
3132
0
2448
3132
0
2448
3168
0
2412
3168
0
2340
3132
0
2376
3132
0
2376
3168
0
2340
3168
0
2448
3132
0
2484
3132
0
2484
3168
0
2448
3168
0
2484
3132
0
2520
3132
0
2520
3168
0
2484
3168
0
2520
3132
0
2556
3132
0
2556
3168
0
2520
3168
0
2556
3132
0
2592
3132
0
2592
3168
0
2556
3168
0
2592
3132
0
2628
3132
0
2628
3168
0
2592
3168
0
2628
3132
0
2664
3132
0
2664
3168
0
2628
3168
0
2664
3132
0
2700
3132
0
2700
3168
0
2664
3168
0
2700
3132
0
2736
3132
0
2736
3168
0
2700
3168
0
2736
3132
0
2772
3132
0
2772
3168
0
2736
3168
0
2772
3132
0
2808
3132
0
2808
3168
0
2772
3168
0
2808
3132
0
2844
3132
0
2844
3168
0
2808
3168
0
2844
3132
0
2880
3132
0
2880
3168
0
2844
3168
0
2880
3132
0
2916
3132
0
2916
3168
0
2880
3168
0
2916
3132
0
2952
3132
0
2952
3168
0
2916
3168
0
2952
3132
0
2988
3132
0
2988
3168
0
2952
3168
0
2988
3132
0
3024
3132
0
3024
3168
0
2988
3168
0
3024
3132
0
3060
3132
0
3060
3168
0
3024
3168
0
3060
3132
0
3096
3132
0
3096
3168
0
3060
3168
0
3096
3132
0
3132
3132
0
3132
3168
0
3096
3168
0
3132
3132
0
3168
3132
0
3168
3168
0
3132
3168
0
3168
3132
0
3204
3132
0
3204
3168
0
3168
3168
0
3168
3096
0
3204
3096
0
3204
3132
0
3168
3132
0
3168
3060
0
3204
3060
0
3204
3096
0
3168
3096
0
3168
3024
0
3204
3024
0
3204
3060
0
3168
3060
0
3168
2988
0
3204
2988
0
3204
3024
0
3168
3024
0
3168
2952
0
3204
2952
0
3204
2988
0
3168
2988
0
3168
2916
0
3204
2916
0
3204
2952
0
3168
2952
0
3168
2880
0
3204
2880
0
3204
2916
0
3168
2916
0
3168
2844
0
3204
2844
0
3204
2880
0
3168
2880
0
3168
2808
0
3204
2808
0
3204
2844
0
3168
2844
0
3168
2772
0
3204
2772
0
3204
2808
0
3168
2808
0
3132
2772
0
3168
2772
0
3168
2808
0
3132
2808
0
3096
2772
0
3132
2772
0
3132
2808
0
3096
2808
0
2988
2772
0
3024
2772
0
3024
2808
0
2988
2808
0
2952
2772
0
2988
2772
0
2988
2808
0
2952
2808
0
2916
2772
0
2952
2772
0
2952
2808
0
2916
2808
0
3060
2772
0
3096
2772
0
3096
2808
0
3060
2808
0
3024
2772
0
3060
2772
0
3060
2808
0
3024
2808
0
2880
2772
0
2916
2772
0
2916
2808
0
2880
2808
0
2844
2772
0
2880
2772
0
2880
2808
0
2844
2808
0
2808
2772
0
2844
2772
0
2844
2808
0
2808
2808
0
2772
2772
0
2808
2772
0
2808
2808
0
2772
2808
0
2736
2772
0
2772
2772
0
2772
2808
0
2736
2808
0
2700
2772
0
2736
2772
0
2736
2808
0
2700
2808
0
2664
2772
0
2700
2772
0
2700
2808
0
2664
2808
0
2628
2772
0
2664
2772
0
2664
2808
0
2628
2808
0
2592
2772
0
2628
2772
0
2628
2808
0
2592
2808
0
2556
2772
0
2592
2772
0
2592
2808
0
2556
2808
0
2520
2772
0
2556
2772
0
2556
2808
0
2520
2808
0
2484
2772
0
2520
2772
0
2520
2808
0
2484
2808
0
2448
2772
0
2484
2772
0
2484
2808
0
2448
2808
0
2412
2772
0
2448
2772
0
2448
2808
0
2412
2808
0
2412
2808
0
2448
2808
0
2448
2844
0
2412
2844
0
2412
2844
0
2448
2844
0
2448
2880
0
2412
2880
0
2376
2844
0
2412
2844
0
2412
2880
0
2376
2880
0
2376
2808
0
2412
2808
0
2412
2844
0
2376
2844
0
2376
2772
0
2412
2772
0
2412
2808
0
2376
2808
0
2340
2772
0
2376
2772
0
2376
2808
0
2340
2808
0
2304
2772
0
2340
2772
0
2340
2808
0
2304
2808
0
2268
2772
0
2304
2772
0
2304
2808
0
2268
2808
0
2232
2772
0
2268
2772
0
2268
2808
0
2232
2808
0
2196
2772
0
2232
2772
0
2232
2808
0
2196
2808
0
2160
2772
0
2196
2772
0
2196
2808
0
2160
2808
0
2124
2772
0
2160
2772
0
2160
2808
0
2124
2808
0
2088
2772
0
2124
2772
0
2124
2808
0
2088
2808
0
2052
2772
0
2088
2772
0
2088
2808
0
2052
2808
0
2052
2736
0
2088
2736
0
2088
2772
0
2052
2772
0
2088
2736
0
2124
2736
0
2124
2772
0
2088
2772
0
2124
2736
0
2160
2736
0
2160
2772
0
2124
2772
0
2160
2700
0
2196
2700
0
2196
2736
0
2160
2736
0
2196
2664
0
2232
2664
0
2232
2700
0
2196
2700
0
2232
2664
0
2268
2664
0
2268
2700
0
2232
2700
0
2268
2664
0
2304
2664
0
2304
2700
0
2268
2700
0
2304
2664
0
2340
2664
0
2340
2700
0
2304
2700
0
2340
2664
0
2376
2664
0
2376
2700
0
2340
2700
0
2376
2664
0
2412
2664
0
2412
2700
0
2376
2700
0
2412
2664
0
2448
2664
0
2448
2700
0
2412
2700
0
2448
2664
0
2484
2664
0
2484
2700
0
2448
2700
0
2484
2664
0
2520
2664
0
2520
2700
0
2484
2700
0
2520
2664
0
2556
2664
0
2556
2700
0
2520
2700
0
2556
2664
0
2592
2664
0
2592
2700
0
2556
2700
0
1908
2412
0
1944
2412
0
1944
2448
0
1908
2448
0
1944
2412
0
1980
2412
0
1980
2448
0
1944
2448
0
1980
2412
0
2016
2412
0
2016
2448
0
1980
2448
0
2016
2412
0
2052
2412
0
2052
2448
0
2016
2448
0
2052
2412
0
2088
2412
0
2088
2448
0
2052
2448
0
2088
2412
0
2124
2412
0
2124
2448
0
2088
2448
0
2124
2412
0
2160
2412
0
2160
2448
0
2124
2448
0
2160
2412
0
2196
2412
0
2196
2448
0
2160
2448
0
2196
2412
0
2232
2412
0
2232
2448
0
2196
2448
0
2232
2412
0
2268
2412
0
2268
2448
0
2232
2448
0
2268
2412
0
2304
2412
0
2304
2448
0
2268
2448
0
2304
2412
0
2340
2412
0
2340
2448
0
2304
2448
0
2340
2412
0
2376
2412
0
2376
2448
0
2340
2448
0
2376
2412
0
2412
2412
0
2412
2448
0
2376
2448
0
2376
2448
0
2412
2448
0
2412
2484
0
2376
2484
0
2376
2484
0
2412
2484
0
2412
2520
0
2376
2520
0
2412
2484
0
2448
2484
0
2448
2520
0
2412
2520
0
2412
2448
0
2448
2448
0
2448
2484
0
2412
2484
0
2412
2412
0
2448
2412
0
2448
2448
0
2412
2448
0
2592
2664
0
2628
2664
0
2628
2700
0
2592
2700
0
2628
2664
0
2664
2664
0
2664
2700
0
2628
2700
0
2664
2664
0
2700
2664
0
2700
2700
0
2664
2700
0
2700
2664
0
2736
2664
0
2736
2700
0
2700
2700
0
2736
2664
0
2772
2664
0
2772
2700
0
2736
2700
0
2772
2664
0
2808
2664
0
2808
2700
0
2772
2700
0
2808
2664
0
2844
2664
0
2844
2700
0
2808
2700
0
2844
2664
0
2880
2664
0
2880
2700
0
2844
2700
0
2880
2664
0
2916
2664
0
2916
2700
0
2880
2700
0
2916
2664
0
2952
2664
0
2952
2700
0
2916
2700
0
2952
2664
0
2988
2664
0
2988
2700
0
2952
2700
0
2988
2664
0
3024
2664
0
3024
2700
0
2988
2700
0
3024
2664
0
3060
2664
0
3060
2700
0
3024
2700
0
3060
2664
0
3096
2664
0
3096
2700
0
3060
2700
0
3096
2664
0
3132
2664
0
3132
2700
0
3096
2700
0
3132
2664
0
3168
2664
0
3168
2700
0
3132
2700
0
3168
2664
0
3204
2664
0
3204
2700
0
3168
2700
0
3204
2664
0
3240
2664
0
3240
2700
0
3204
2700
0
3240
2664
0
3276
2664
0
3276
2700
0
3240
2700
0
3276
2664
0
3312
2664
0
3312
2700
0
3276
2700
0
3312
2664
0
3348
2664
0
3348
2700
0
3312
2700
0
3348
2664
0
3384
2664
0
3384
2700
0
3348
2700
0
3384
2664
0
3420
2664
0
3420
2700
0
3384
2700
0
3420
2664
0
3456
2664
0
3456
2700
0
3420
2700
0
3456
2664
0
3492
2664
0
3492
2700
0
3456
2700
0
3492
2664
0
3528
2664
0
3528
2700
0
3492
2700
0
3528
2664
0
3564
2664
0
3564
2700
0
3528
2700
0
3564
2664
0
3600
2664
0
3600
2700
0
3564
2700
0
3600
2664
0
3636
2664
0
3636
2700
0
3600
2700
0
3636
2664
0
3672
2664
0
3672
2700
0
3636
2700
0
3672
2664
0
3708
2664
0
3708
2700
0
3672
2700
0
3708
2664
0
3744
2664
0
3744
2700
0
3708
2700
0
3744
2664
0
3780
2664
0
3780
2700
0
3744
2700
0
3780
2664
0
3816
2664
0
3816
2700
0
3780
2700
0
3780
2628
0
3816
2628
0
3816
2664
0
3780
2664
0
3780
2592
0
3816
2592
0
3816
2628
0
3780
2628
0
3780
2556
0
3816
2556
0
3816
2592
0
3780
2592
0
3780
2520
0
3816
2520
0
3816
2556
0
3780
2556
0
3780
2484
0
3816
2484
0
3816
2520
0
3780
2520
0
3780
2448
0
3816
2448
0
3816
2484
0
3780
2484
0
3780
2412
0
3816
2412
0
3816
2448
0
3780
2448
0
3744
2412
0
3780
2412
0
3780
2448
0
3744
2448
0
3708
2412
0
3744
2412
0
3744
2448
0
3708
2448
0
3672
2412
0
3708
2412
0
3708
2448
0
3672
2448
0
3636
2412
0
3672
2412
0
3672
2448
0
3636
2448
0
3600
2412
0
3636
2412
0
3636
2448
0
3600
2448
0
3564
2412
0
3600
2412
0
3600
2448
0
3564
2448
0
3528
2412
0
3564
2412
0
3564
2448
0
3528
2448
0
3492
2412
0
3528
2412
0
3528
2448
0
3492
2448
0
3456
2412
0
3492
2412
0
3492
2448
0
3456
2448
0
3420
2412
0
3456
2412
0
3456
2448
0
3420
2448
0
3384
2412
0
3420
2412
0
3420
2448
0
3384
2448
0
3348
2412
0
3384
2412
0
3384
2448
0
3348
2448
0
3312
2412
0
3348
2412
0
3348
2448
0
3312
2448
0
3276
2412
0
3312
2412
0
3312
2448
0
3276
2448
0
3240
2412
0
3276
2412
0
3276
2448
0
3240
2448
0
3204
2412
0
3240
2412
0
3240
2448
0
3204
2448
0
3168
2412
0
3204
2412
0
3204
2448
0
3168
2448
0
3132
2412
0
3168
2412
0
3168
2448
0
3132
2448
0
3096
2412
0
3132
2412
0
3132
2448
0
3096
2448
0
3060
2412
0
3096
2412
0
3096
2448
0
3060
2448
0
3024
2412
0
3060
2412
0
3060
2448
0
3024
2448
0
2988
2412
0
3024
2412
0
3024
2448
0
2988
2448
0
2952
2412
0
2988
2412
0
2988
2448
0
2952
2448
0
2916
2412
0
2952
2412
0
2952
2448
0
2916
2448
0
2880
2412
0
2916
2412
0
2916
2448
0
2880
2448
0
2844
2412
0
2880
2412
0
2880
2448
0
2844
2448
0
2808
2412
0
2844
2412
0
2844
2448
0
2808
2448
0
2772
2412
0
2808
2412
0
2808
2448
0
2772
2448
0
2736
2412
0
2772
2412
0
2772
2448
0
2736
2448
0
2700
2412
0
2736
2412
0
2736
2448
0
2700
2448
0
2664
2412
0
2700
2412
0
2700
2448
0
2664
2448
0
2628
2412
0
2664
2412
0
2664
2448
0
2628
2448
0
2592
2412
0
2628
2412
0
2628
2448
0
2592
2448
0
2556
2412
0
2592
2412
0
2592
2448
0
2556
2448
0
2520
2412
0
2556
2412
0
2556
2448
0
2520
2448
0
2484
2412
0
2520
2412
0
2520
2448
0
2484
2448
0
2448
2412
0
2484
2412
0
2484
2448
0
2448
2448
0
