90
5
949
808
0

5
765
834
0

5
1301
780
0

5
1066
728
0

5
1174
843
0

5
1309
902
0

5
907
979
0

5
804
1100
0

5
1172
1194
0

5
1236
992
0

5
1087
1002
0

5
1016
1158
0

5
1204
1041
0

5
1062
955
0

5
1424
1163
0

5
1498
939
0

5
1372
1049
0

5
1642
945
0

5
1693
1087
0

5
1554
935
0

5
1542
857
0

5
1412
825
0

5
1538
1092
0

5
1561
1198
0

5
1563
1037
0

5
1385
1002
0

5
1359
923
0

5
1408
951
0

5
1308
1018
0

5
1124
931
0

5
1294
1127
0

5
1281
1195
0

5
1181
1115
0

5
1132
1238
0

5
1050
1139
0

7
829
985
0

7
850
1075
0

7
917
1183
0

7
1010
1029
0

7
1012
986
0

7
966
888
0

7
787
897
0

7
764
1060
0

7
806
1167
0

7
902
1110
0

7
974
912
0

7
1138
788
0

7
1296
705
0

7
1304
919
0

7
1252
1024
0

7
1053
814
0

7
1259
822
0

7
1419
766
0

7
1630
920
0

7
1796
871
0

7
1680
922
0

7
1557
792
0

7
1780
885
0

7
1851
1058
0

7
1797
1194
0

7
1670
1157
0

7
1681
1035
0

7
1598
1029
0

7
1830
944
0

7
1666
785
0

7
1848
793
0

7
1873
1058
0

7
1792
1129
0

7
1723
1236
0

7
1479
1258
0

7
1367
1255
0

7
1332
1270
0

2
846
932
0

2
882
944
0

2
936
1095
0

2
1199
1048
0

2
1353
1042
0

2
1494
1240
0

2
1496
1004
0

2
1538
796
0

2
1801
875
0

2
1625
962
0

2
1383
877
0

2
1605
1047
0

2
1761
1096
0

2
1871
967
0

2
1849
1191
0

2
1628
1071
0

2
1571
1017
0

2
1477
1185
0

