59
3
1021
942
0

3
1302
924
0

3
1474
918
0

3
1239
947
0

3
1153
846
0

3
1153
1022
0

3
1478
970
0

3
1418
1049
0

6
912
913
0

6
908
988
0

6
1133
1031
0

6
1181
936
0

6
1146
1010
0

6
1327
876
0

6
1583
960
0

6
1636
936
0

6
1635
850
0

6
1778
986
0

6
1736
919
0

6
1504
882
0

6
1519
892
0

6
1418
890
0

6
1351
989
0

6
1122
876
0

6
1097
993
0

6
951
860
0

6
981
1022
0

6
934
984
0

5
1067
892
0

5
1088
934
0

5
1132
999
0

5
1305
909
0

5
1478
1052
0

5
1559
936
0

5
1662
1038
0

5
1420
987
0

5
1382
913
0

5
1347
1034
0

5
1336
1049
0

5
1328
942
0

5
1243
1040
0

5
1169
969
0

5
1302
919
0

5
1253
1023
0

5
1219
847
0

5
1611
901
0

5
1713
1043
0

5
1832
867
0

5
1592
954
0

5
1622
803
0

5
1644
914
0

4
882
878
0

4
882
992
0

4
1058
825
0

4
1075
1011
0

4
1188
917
0

4
1285
825
0

4
1256
878
0

4
1393
1005
0

