121
0
528
400
0
19
0
528
560
0
19
0
976
592
0
19
0
1008
336
0
19
0
240
176
0
19
0
176
592
0
19
0
1008
784
0
19
0
1232
336
0
17
0
880
176
0
17
0
816
624
0
17
0
1616
624
0
17
0
1680
848
0
17
0
1392
976
0
17
0
560
912
0
17
0
816
400
0
17
0
528
208
0
17
0
368
400
0
17
0
112
304
0
17
0
112
272
0
17
0
272
720
0
17
0
144
816
0
25
0
592
752
0
25
0
624
752
0
25
0
688
528
0
25
0
688
368
0
25
0
1232
144
0
25
0
1392
560
0
25
0
1616
304
0
25
0
1744
176
0
25
0
1456
304
0
25
0
1456
176
0
25
0
1456
144
0
25
0
912
48
0
25
0
496
80
0
25
0
304
16
0
25
0
80
112
0
25
0
1136
528
0
25
0
1168
688
0
25
0
464
688
0
11
0
720
688
0
11
0
880
880
0
11
0
1008
880
0
11
0
1200
816
0
11
0
1296
720
0
11
0
1296
592
0
11
0
1200
528
0
11
0
528
400
0
19
0
528
560
0
19
0
976
592
0
19
0
1008
336
0
19
0
240
176
0
19
0
176
592
0
19
0
1008
784
0
19
0
1232
336
0
17
0
880
176
0
17
0
816
624
0
17
0
1616
624
0
17
0
1680
848
0
17
0
1392
976
0
17
0
560
912
0
17
0
816
400
0
17
0
528
208
0
17
0
368
400
0
17
0
112
304
0
17
0
112
272
0
17
0
272
720
0
17
0
144
816
0
25
0
592
752
0
25
0
624
752
0
25
0
688
528
0
25
0
688
368
0
25
0
1232
144
0
25
0
1392
560
0
25
0
1616
304
0
25
0
1744
176
0
25
0
1456
304
0
25
0
1456
176
0
25
0
1456
144
0
25
0
912
48
0
25
0
496
80
0
25
0
304
16
0
25
0
80
112
0
25
0
1136
528
0
25
0
1168
688
0
25
0
464
688
0
11
0
720
688
0
11
0
880
880
0
11
0
1008
880
0
11
0
1200
816
0
11
0
1296
720
0
11
0
1296
592
0
11
0
1200
528
0
11
0
272
848
0
9
0
304
592
0
9
0
1104
240
0
9
0
720
80
0
9
0
752
272
0
9
0
400
272
0
9
0
112
432
0
9
0
1616
432
0
9
0
1424
432
0
9
0
1136
432
0
9
0
1488
48
0
9
0
1168
48
0
9
0
1008
80
0
9
0
528
656
0
2
0
400
464
0
2
0
336
304
0
2
0
400
144
0
2
0
624
80
0
2
0
656
336
0
2
0
880
560
0
2
0
1072
496
0
2
0
1072
688
0
2
0
1488
656
0
2
0
1488
848
0
2
0
1488
880
0
2
0
1520
528
0
2
0
1808
560
0
2
0
1776
304
0
2
0
1616
208
0
2
