51
352
224
0
384
224
0
384
256
0
352
256
0
192
672
0
224
672
0
224
704
0
192
704
0
576
160
0
608
160
0
608
192
0
576
192
0
736
160
0
768
160
0
768
192
0
736
192
0
544
608
0
576
608
0
576
640
0
544
640
0
992
224
0
1024
224
0
1024
256
0
992
256
0
960
544
0
992
544
0
992
576
0
960
576
0
1088
256
0
1120
256
0
1120
288
0
1088
288
0
1088
288
0
1120
288
0
1120
320
0
1088
320
0
1088
640
0
1120
640
0
1120
672
0
1088
672
0
1056
640
0
1088
640
0
1088
672
0
1056
672
0
224
960
0
256
960
0
256
992
0
224
992
0
288
480
0
320
480
0
320
512
0
288
512
0
160
352
0
192
352
0
192
384
0
160
384
0
544
416
0
576
416
0
576
448
0
544
448
0
704
672
0
736
672
0
736
704
0
704
704
0
672
896
0
704
896
0
704
928
0
672
928
0
1056
864
0
1088
864
0
1088
896
0
1056
896
0
1376
544
0
1408
544
0
1408
576
0
1376
576
0
768
288
0
800
288
0
800
320
0
768
320
0
352
896
0
384
896
0
384
928
0
352
928
0
480
608
0
512
608
0
512
640
0
480
640
0
384
384
0
416
384
0
416
416
0
384
416
0
448
896
0
480
896
0
480
928
0
448
928
0
608
640
0
640
640
0
640
672
0
608
672
0
1280
448
0
1312
448
0
1312
480
0
1280
480
0
1280
320
0
1312
320
0
1312
352
0
1280
352
0
1280
288
0
1312
288
0
1312
320
0
1280
320
0
512
64
0
544
64
0
544
96
0
512
96
0
864
96
0
896
96
0
896
128
0
864
128
0
832
224
0
864
224
0
864
256
0
832
256
0
896
384
0
928
384
0
928
416
0
896
416
0
896
416
0
928
416
0
928
448
0
896
448
0
928
416
0
960
416
0
960
448
0
928
448
0
1024
448
0
1056
448
0
1056
480
0
1024
480
0
1056
512
0
1088
512
0
1088
544
0
1056
544
0
1152
320
0
1184
320
0
1184
352
0
1152
352
0
1312
160
0
1344
160
0
1344
192
0
1312
192
0
1472
416
0
1504
416
0
1504
448
0
1472
448
0
160
800
0
192
800
0
192
832
0
160
832
0
512
640
0
544
640
0
544
672
0
512
672
0
576
640
0
608
640
0
608
672
0
576
672
0
640
608
0
672
608
0
672
640
0
640
640
0
800
832
0
832
832
0
832
864
0
800
864
0
1504
448
0
1536
448
0
1536
480
0
1504
480
0
1440
128
0
1472
128
0
1472
160
0
1440
160
0
1408
128
0
1440
128
0
1440
160
0
1408
160
0
1408
96
0
1440
96
0
1440
128
0
1408
128
0
1056
0
0
1088
0
0
1088
32
0
1056
32
0
1568
256
0
1600
256
0
1600
288
0
1568
288
0
224
192
0
256
192
0
256
224
0
224
224
0
