22
256
416
0
288
416
0
288
448
0
256
448
0
224
672
0
256
672
0
256
704
0
224
704
0
608
352
0
640
352
0
640
384
0
608
384
0
576
640
0
608
640
0
608
672
0
576
672
0
864
352
0
896
352
0
896
384
0
864
384
0
864
640
0
896
640
0
896
672
0
864
672
0
1120
352
0
1152
352
0
1152
384
0
1120
384
0
1184
640
0
1216
640
0
1216
672
0
1184
672
0
224
800
0
256
800
0
256
832
0
224
832
0
544
768
0
576
768
0
576
800
0
544
800
0
800
832
0
832
832
0
832
864
0
800
864
0
1056
832
0
1088
832
0
1088
864
0
1056
864
0
1344
832
0
1376
832
0
1376
864
0
1344
864
0
1600
800
0
1632
800
0
1632
832
0
1600
832
0
1632
480
0
1664
480
0
1664
512
0
1632
512
0
1568
288
0
1600
288
0
1600
320
0
1568
320
0
1344
192
0
1376
192
0
1376
224
0
1344
224
0
896
128
0
928
128
0
928
160
0
896
160
0
544
160
0
576
160
0
576
192
0
544
192
0
288
160
0
320
160
0
320
192
0
288
192
0
96
320
0
128
320
0
128
352
0
96
352
0
64
544
0
96
544
0
96
576
0
64
576
0
