42
53
60
1926
2178
0

0
45
60
1638
2178
0

0
46
60
1674
2178
0

0
47
60
1710
2178
0

0
48
60
1746
2178
0

0
49
60
1782
2178
0

0
50
60
1818
2178
0

0
51
60
1854
2178
0

0
52
60
1890
2178
0

0
54
60
1962
2178
0

0
55
60
1998
2178
0

0
57
60
2070
2178
0

0
58
60
2106
2178
0

0
59
60
2142
2178
0

0
61
60
2214
2178
0

0
62
60
2250
2178
0

0
63
60
2286
2178
0

0
56
60
2034
2178
0

0
60
60
2178
2178
0

0
64
60
2322
2178
0

0
65
60
2358
2178
0

0
66
60
2394
2178
0

0
67
60
2430
2178
0

0
70
60
2538
2178
0

0
72
60
2610
2178
0

0
73
60
2646
2178
0

0
74
60
2682
2178
0

0
68
60
2466
2178
0

0
71
60
2574
2178
0

0
76
60
2754
2178
0

0
77
60
2790
2178
0

0
78
60
2826
2178
0

0
79
60
2862
2178
0

0
69
60
2502
2178
0

0
75
60
2718
2178
0

0
80
60
2898
2178
0

0
82
60
2970
2178
0

0
81
60
2934
2178
0

0
83
60
3006
2178
0

0
84
60
3042
2178
0

0
85
60
3078
2178
0

0
86
60
3114
2178
0

0
