134
1620
2196
0
1656
2196
0
1656
2232
0
1620
2232
0
1584
2196
0
1620
2196
0
1620
2232
0
1584
2232
0
1656
2196
0
1692
2196
0
1692
2232
0
1656
2232
0
1692
2196
0
1728
2196
0
1728
2232
0
1692
2232
0
1728
2196
0
1764
2196
0
1764
2232
0
1728
2232
0
1764
2196
0
1800
2196
0
1800
2232
0
1764
2232
0
1800
2196
0
1836
2196
0
1836
2232
0
1800
2232
0
1836
2196
0
1872
2196
0
1872
2232
0
1836
2232
0
1872
2196
0
1908
2196
0
1908
2232
0
1872
2232
0
1908
2196
0
1944
2196
0
1944
2232
0
1908
2232
0
1944
2196
0
1980
2196
0
1980
2232
0
1944
2232
0
1980
2196
0
2016
2196
0
2016
2232
0
1980
2232
0
2016
2196
0
2052
2196
0
2052
2232
0
2016
2232
0
2052
2196
0
2088
2196
0
2088
2232
0
2052
2232
0
2088
2196
0
2124
2196
0
2124
2232
0
2088
2232
0
2124
2196
0
2160
2196
0
2160
2232
0
2124
2232
0
2160
2196
0
2196
2196
0
2196
2232
0
2160
2232
0
2196
2196
0
2232
2196
0
2232
2232
0
2196
2232
0
2232
2196
0
2268
2196
0
2268
2232
0
2232
2232
0
2268
2196
0
2304
2196
0
2304
2232
0
2268
2232
0
2304
2196
0
2340
2196
0
2340
2232
0
2304
2232
0
2340
2196
0
2376
2196
0
2376
2232
0
2340
2232
0
2412
2196
0
2448
2196
0
2448
2232
0
2412
2232
0
2448
2196
0
2484
2196
0
2484
2232
0
2448
2232
0
2484
2196
0
2520
2196
0
2520
2232
0
2484
2232
0
2520
2196
0
2556
2196
0
2556
2232
0
2520
2232
0
2592
2196
0
2628
2196
0
2628
2232
0
2592
2232
0
2628
2196
0
2664
2196
0
2664
2232
0
2628
2232
0
2700
2196
0
2736
2196
0
2736
2232
0
2700
2232
0
2736
2196
0
2772
2196
0
2772
2232
0
2736
2232
0
2772
2196
0
2808
2196
0
2808
2232
0
2772
2232
0
2376
2196
0
2412
2196
0
2412
2232
0
2376
2232
0
2556
2196
0
2592
2196
0
2592
2232
0
2556
2232
0
2664
2196
0
2700
2196
0
2700
2232
0
2664
2232
0
2808
2196
0
2844
2196
0
2844
2232
0
2808
2232
0
2844
2196
0
2880
2196
0
2880
2232
0
2844
2232
0
2880
2196
0
2916
2196
0
2916
2232
0
2880
2232
0
2916
2196
0
2952
2196
0
2952
2232
0
2916
2232
0
2952
2196
0
2988
2196
0
2988
2232
0
2952
2232
0
2988
2196
0
3024
2196
0
3024
2232
0
2988
2232
0
3024
2196
0
3060
2196
0
3060
2232
0
3024
2232
0
3060
2196
0
3096
2196
0
3096
2232
0
3060
2232
0
3096
2196
0
3132
2196
0
3132
2232
0
3096
2232
0
3132
2196
0
3168
2196
0
3168
2232
0
3132
2232
0
3132
2160
0
3168
2160
0
3168
2196
0
3132
2196
0
3132
2124
0
3168
2124
0
3168
2160
0
3132
2160
0
3132
2088
0
3168
2088
0
3168
2124
0
3132
2124
0
3132
2052
0
3168
2052
0
3168
2088
0
3132
2088
0
3132
2016
0
3168
2016
0
3168
2052
0
3132
2052
0
3132
1980
0
3168
1980
0
3168
2016
0
3132
2016
0
3132
1944
0
3168
1944
0
3168
1980
0
3132
1980
0
3132
1908
0
3168
1908
0
3168
1944
0
3132
1944
0
3132
1872
0
3168
1872
0
3168
1908
0
3132
1908
0
3132
1836
0
3168
1836
0
3168
1872
0
3132
1872
0
3132
1800
0
3168
1800
0
3168
1836
0
3132
1836
0
3132
1764
0
3168
1764
0
3168
1800
0
3132
1800
0
3132
1728
0
3168
1728
0
3168
1764
0
3132
1764
0
3132
1692
0
3168
1692
0
3168
1728
0
3132
1728
0
3132
1656
0
3168
1656
0
3168
1692
0
3132
1692
0
3132
1620
0
3168
1620
0
3168
1656
0
3132
1656
0
3132
1584
0
3168
1584
0
3168
1620
0
3132
1620
0
3132
1548
0
3168
1548
0
3168
1584
0
3132
1584
0
3132
1512
0
3168
1512
0
3168
1548
0
3132
1548
0
3132
1476
0
3168
1476
0
3168
1512
0
3132
1512
0
3132
1440
0
3168
1440
0
3168
1476
0
3132
1476
0
3132
1404
0
3168
1404
0
3168
1440
0
3132
1440
0
3132
1368
0
3168
1368
0
3168
1404
0
3132
1404
0
3132
1332
0
3168
1332
0
3168
1368
0
3132
1368
0
3096
1332
0
3132
1332
0
3132
1368
0
3096
1368
0
3060
1332
0
3096
1332
0
3096
1368
0
3060
1368
0
3024
1332
0
3060
1332
0
3060
1368
0
3024
1368
0
2988
1332
0
3024
1332
0
3024
1368
0
2988
1368
0
2952
1332
0
2988
1332
0
2988
1368
0
2952
1368
0
2916
1332
0
2952
1332
0
2952
1368
0
2916
1368
0
2880
1332
0
2916
1332
0
2916
1368
0
2880
1368
0
2844
1332
0
2880
1332
0
2880
1368
0
2844
1368
0
2808
1332
0
2844
1332
0
2844
1368
0
2808
1368
0
2772
1332
0
2808
1332
0
2808
1368
0
2772
1368
0
2736
1332
0
2772
1332
0
2772
1368
0
2736
1368
0
2700
1332
0
2736
1332
0
2736
1368
0
2700
1368
0
2664
1332
0
2700
1332
0
2700
1368
0
2664
1368
0
2628
1332
0
2664
1332
0
2664
1368
0
2628
1368
0
2592
1332
0
2628
1332
0
2628
1368
0
2592
1368
0
2556
1332
0
2592
1332
0
2592
1368
0
2556
1368
0
2520
1332
0
2556
1332
0
2556
1368
0
2520
1368
0
2484
1332
0
2520
1332
0
2520
1368
0
2484
1368
0
2448
1332
0
2484
1332
0
2484
1368
0
2448
1368
0
2412
1332
0
2448
1332
0
2448
1368
0
2412
1368
0
2376
1332
0
2412
1332
0
2412
1368
0
2376
1368
0
2340
1332
0
2376
1332
0
2376
1368
0
2340
1368
0
2304
1332
0
2340
1332
0
2340
1368
0
2304
1368
0
2268
1332
0
2304
1332
0
2304
1368
0
2268
1368
0
2232
1332
0
2268
1332
0
2268
1368
0
2232
1368
0
2196
1332
0
2232
1332
0
2232
1368
0
2196
1368
0
2160
1332
0
2196
1332
0
2196
1368
0
2160
1368
0
2124
1332
0
2160
1332
0
2160
1368
0
2124
1368
0
2088
1332
0
2124
1332
0
2124
1368
0
2088
1368
0
2052
1332
0
2088
1332
0
2088
1368
0
2052
1368
0
2016
1332
0
2052
1332
0
2052
1368
0
2016
1368
0
1980
1332
0
2016
1332
0
2016
1368
0
1980
1368
0
1944
1332
0
1980
1332
0
1980
1368
0
1944
1368
0
1908
1332
0
1944
1332
0
1944
1368
0
1908
1368
0
1872
1332
0
1908
1332
0
1908
1368
0
1872
1368
0
1836
1332
0
1872
1332
0
1872
1368
0
1836
1368
0
1800
1332
0
1836
1332
0
1836
1368
0
1800
1368
0
1764
1332
0
1800
1332
0
1800
1368
0
1764
1368
0
1728
1332
0
1764
1332
0
1764
1368
0
1728
1368
0
1692
1332
0
1728
1332
0
1728
1368
0
1692
1368
0
1656
1332
0
1692
1332
0
1692
1368
0
1656
1368
0
1620
1332
0
1656
1332
0
1656
1368
0
1620
1368
0
1584
1332
0
1620
1332
0
1620
1368
0
1584
1368
0
1584
1368
0
1620
1368
0
1620
1404
0
1584
1404
0
1584
1404
0
1620
1404
0
1620
1440
0
1584
1440
0
1584
1440
0
1620
1440
0
1620
1476
0
1584
1476
0
1584
1476
0
1620
1476
0
1620
1512
0
1584
1512
0
1584
1512
0
1620
1512
0
1620
1548
0
1584
1548
0
1584
1548
0
1620
1548
0
1620
1584
0
1584
1584
0
1584
1584
0
1620
1584
0
1620
1620
0
1584
1620
0
1584
1620
0
1620
1620
0
1620
1656
0
1584
1656
0
1584
1656
0
1620
1656
0
1620
1692
0
1584
1692
0
1584
1692
0
1620
1692
0
1620
1728
0
1584
1728
0
1584
1728
0
1620
1728
0
1620
1764
0
1584
1764
0
1584
1764
0
1620
1764
0
1620
1800
0
1584
1800
0
1584
1800
0
1620
1800
0
1620
1836
0
1584
1836
0
1584
1836
0
1620
1836
0
1620
1872
0
1584
1872
0
1584
1872
0
1620
1872
0
1620
1908
0
1584
1908
0
1584
1908
0
1620
1908
0
1620
1944
0
1584
1944
0
1584
1944
0
1620
1944
0
1620
1980
0
1584
1980
0
1584
1980
0
1620
1980
0
1620
2016
0
1584
2016
0
1584
2016
0
1620
2016
0
1620
2052
0
1584
2052
0
1584
2052
0
1620
2052
0
1620
2088
0
1584
2088
0
1584
2088
0
1620
2088
0
1620
2124
0
1584
2124
0
1584
2124
0
1620
2124
0
1620
2160
0
1584
2160
0
1584
2160
0
1620
2160
0
1620
2196
0
1584
2196
0
0
