291
0
1350
1350
0

1020
1
1638
1890
0

1021
1
1602
1350
0

1024
1
1602
1386
0

1024
1
1602
1422
0

1024
1
1602
1458
0

1024
1
1602
1494
0

1024
1
1602
1530
0

1024
1
1602
1566
0

1024
1
1602
1602
0

1024
1
1602
1638
0

1024
1
1602
1674
0

1024
1
1602
1710
0

1024
1
1602
1746
0

1024
1
1602
1782
0

1024
1
1602
1818
0

1024
1
1602
1854
0

1024
1
1602
1890
0

1024
1
1602
1926
0

1024
1
1602
1962
0

1024
1
1602
1998
0

1024
1
1602
2034
0

1024
1
1602
2070
0

1024
1
1602
2106
0

1024
1
1602
2142
0

1024
1
1602
2178
0

1024
1
1566
2178
0

1024
1
1566
2142
0

1024
1
1566
2106
0

1024
1
1566
2070
0

1024
1
1566
2034
0

1024
1
1566
1998
0

1024
1
1566
1962
0

1024
1
1566
1926
0

1024
1
1566
1890
0

1024
1
1566
1854
0

1024
1
1566
1818
0

1024
1
1566
1782
0

1024
1
1566
1746
0

1024
1
1566
1710
0

1024
1
1566
1674
0

1024
1
1566
1638
0

1024
1
1566
1602
0

1024
1
1566
1566
0

1024
1
1566
1530
0

1024
1
1566
1494
0

1024
1
1566
1458
0

1024
1
1566
1422
0

1024
1
1566
1386
0

1024
1
1566
1350
0

1024
1
1530
1350
0

1024
1
1530
1386
0

1024
1
1530
1422
0

1024
1
1530
1458
0

1024
1
1530
1494
0

1024
1
1530
1530
0

1024
1
1530
1566
0

1024
1
1530
1602
0

1024
1
1530
1638
0

1024
1
1530
1674
0

1024
1
1530
1710
0

1024
1
1530
1746
0

1024
1
1530
1782
0

1024
1
1530
1818
0

1024
1
1530
1854
0

1024
1
1530
1890
0

1024
1
1530
1926
0

1024
1
1530
1962
0

1024
1
1530
1998
0

1024
1
1530
2034
0

1024
1
1530
2070
0

1024
1
1530
2106
0

1024
1
1530
2142
0

1024
1
1530
2178
0

1024
1
1494
2178
0

1024
1
1494
2142
0

1024
1
1494
2106
0

1024
1
1494
2070
0

1024
1
1494
2034
0

1024
1
1494
1998
0

1024
1
1494
1962
0

1024
1
1494
1926
0

1024
1
1494
1890
0

1024
1
1494
1854
0

1024
1
1494
1818
0

1024
1
1494
1782
0

1024
1
1494
1746
0

1024
1
1494
1710
0

1024
1
1494
1674
0

1024
1
1494
1638
0

1024
1
1494
1602
0

1024
1
1494
1566
0

1024
1
1494
1530
0

1024
1
1494
1494
0

1024
1
1494
1458
0

1024
1
1494
1422
0

1024
1
1494
1386
0

1024
1
1494
1350
0

1024
1
1458
1350
0

1024
1
1458
1386
0

1024
1
1458
1422
0

1024
1
1458
1458
0

1024
1
1458
1494
0

1024
1
1458
1530
0

1024
1
1458
1566
0

1024
1
1458
1602
0

1024
1
1458
1638
0

1024
1
1458
1674
0

1024
1
1458
1710
0

1024
1
1458
1746
0

1024
1
1458
1782
0

1024
1
1458
1818
0

1024
1
1458
1854
0

1024
1
1458
1890
0

1024
1
1458
1926
0

1024
1
1458
1962
0

1024
1
1458
1998
0

1024
1
1458
2034
0

1024
1
1458
2070
0

1024
1
1458
2106
0

1024
1
1458
2142
0

1024
1
1458
2178
0

1024
1
1422
2178
0

1024
1
1422
2142
0

1024
1
1422
2106
0

1024
1
1422
2070
0

1024
1
1422
2034
0

1024
1
1422
1998
0

1024
1
1422
1962
0

1024
1
1422
1926
0

1024
1
1422
1890
0

1024
1
1422
1854
0

1024
1
1422
1818
0

1024
1
1422
1782
0

1024
1
1422
1746
0

1024
1
1422
1710
0

1024
1
1422
1674
0

1024
1
1422
1638
0

1024
1
1422
1602
0

1024
1
1422
1566
0

1024
1
1422
1530
0

1024
1
1422
1494
0

1024
1
1422
1458
0

1024
1
1422
1422
0

1024
1
1422
1386
0

1024
1
1422
1350
0

1024
1
1386
2178
0

1024
1
1386
2142
0

1024
1
1386
1350
0

1024
1
1386
1386
0

1024
1
1386
1422
0

1024
1
1386
1458
0

1024
1
1386
1494
0

1024
1
1386
1530
0

1024
1
1386
1566
0

1024
1
1386
1602
0

1024
1
1386
1638
0

1024
1
1386
1674
0

1024
1
1386
1710
0

1024
1
1386
1746
0

1024
1
1386
1782
0

1024
1
1386
1818
0

1024
1
1386
1854
0

1024
1
1386
1890
0

1024
1
1386
1926
0

1024
1
1386
1962
0

1024
1
1386
1998
0

1024
1
1386
2034
0

1024
1
1386
2070
0

1024
1
1386
2106
0

1024
1
1350
1386
0

1024
1
1350
1422
0

1024
1
1350
1458
0

1024
1
1350
1494
0

1024
1
1350
1530
0

1024
1
1314
1530
0

1024
1
1350
1350
0

1024
1
1350
1566
0

1024
1
1350
1602
0

1024
1
1350
1638
0

1024
1
1350
1674
0

1024
1
1350
1710
0

1024
1
1350
1746
0

1024
1
1350
1782
0

1024
1
1350
1818
0

1024
1
1350
1854
0

1024
1
1350
1890
0

1024
1
1350
1926
0

1024
1
1350
1962
0

1024
1
1350
1998
0

1024
1
1350
2034
0

1024
1
1350
2070
0

1024
1
1350
2106
0

1024
1
1350
2142
0

1024
1
1350
2178
0

1024
1
1638
2214
0

735
1
1674
2214
0

735
1
1710
2214
0

735
1
1746
2214
0

735
1
1782
2214
0

735
1
1818
2214
0

735
1
1854
2214
0

735
1
1890
2214
0

735
1
1926
2214
0

735
1
1962
2214
0

735
1
1998
2214
0

735
1
2034
2214
0

735
1
2070
2214
0

735
1
2142
2214
0

735
1
2178
2214
0

735
1
2250
2214
0

735
1
2286
2214
0

735
1
2322
2214
0

735
1
2358
2214
0

735
1
2394
2214
0

735
1
2430
2214
0

735
1
2466
2214
0

735
1
2502
2214
0

735
1
2538
2214
0

735
1
2574
2214
0

735
1
2610
2214
0

735
1
2646
2214
0

735
1
2682
2214
0

735
1
2718
2214
0

735
1
2754
2214
0

735
1
2790
2214
0

735
1
2826
2214
0

735
1
2862
2214
0

735
1
2898
2214
0

735
1
2934
2214
0

735
1
2970
2214
0

735
1
3006
2214
0

735
1
3042
2214
0

735
1
3078
2214
0

735
1
3114
2214
0

735
1
2214
2214
0

735
1
2106
2214
0

735
1
1638
2250
0

731
1
1674
2250
0

731
1
1710
2250
0

731
1
1746
2250
0

731
1
1782
2250
0

731
1
1818
2250
0

731
1
1854
2250
0

731
1
1890
2250
0

731
1
1926
2250
0

731
1
1962
2250
0

731
1
1998
2250
0

731
1
2034
2250
0

731
1
2070
2250
0

731
1
2106
2250
0

731
1
2142
2250
0

731
1
2178
2250
0

731
1
2214
2250
0

731
1
2250
2250
0

731
1
2286
2250
0

731
1
2322
2250
0

731
1
2358
2250
0

731
1
2394
2250
0

731
1
2430
2250
0

731
1
2466
2250
0

731
1
2502
2250
0

731
1
2538
2250
0

731
1
2574
2250
0

731
1
2610
2250
0

731
1
2646
2250
0

731
1
2682
2250
0

731
1
2718
2250
0

731
1
2754
2250
0

731
1
2790
2250
0

731
1
2826
2250
0

731
1
2862
2250
0

731
1
2898
2250
0

731
1
2934
2250
0

731
1
2970
2250
0

731
1
3006
2250
0

731
1
3042
2250
0

731
1
3078
2250
0

731
1
3114
2250
0

731
1
1530
2250
0

731
1
1566
2250
0

731
1
1602
2250
0

731
1
3150
2250
0

731
1
3186
2250
0

731
1
3222
2250
0

731
1
1530
2214
0

735
1
1566
2214
0

735
1
1602
2214
0

735
1
3150
2214
0

735
1
3186
2214
0

735
1
3222
2214
0

735
