589
0
1278
3114
0

1018
0
2142
3546
0

508
0
1242
3294
0

696
0
1242
3330
0

696
0
2286
2790
0

22
0
2322
2790
0

22
0
1242
2682
0

696
0
1242
2718
0

696
0
1242
2754
0

696
0
1242
2790
0

696
0
1242
2826
0

696
0
1242
2862
0

696
0
1242
2898
0

696
0
1242
2934
0

696
0
1242
2970
0

696
0
1242
3006
0

696
0
1242
3042
0

696
0
1242
3078
0

696
0
1242
3114
0

696
0
1242
3150
0

696
0
1242
3186
0

696
0
1242
3222
0

696
0
1242
3258
0

696
0
1278
3366
0

484
0
1350
3366
0

484
0
1422
3366
0

484
0
1494
3366
0

484
0
1566
3366
0

484
0
1638
3366
0

484
0
1710
3366
0

484
0
1782
3366
0

484
0
1854
3366
0

484
0
1926
3114
0

1012
0
1854
3186
0

708
0
1890
3186
0

709
0
1890
3150
0

690
0
1890
3114
0

690
0
1854
3150
0

689
0
1854
3114
0

689
0
1278
3078
0

725
0
1314
3078
0

725
0
1350
3078
0

725
0
1386
3078
0

725
0
1422
3078
0

725
0
1458
3078
0

725
0
1494
3078
0

725
0
1530
3078
0

725
0
1566
3078
0

725
0
1602
3078
0

725
0
1638
3078
0

725
0
1674
3078
0

725
0
1710
3078
0

725
0
1746
3078
0

725
0
1782
3078
0

725
0
1818
3078
0

725
0
1854
3078
0

725
0
1890
3078
0

725
0
1926
3078
0

725
0
1962
3078
0

725
0
1998
3078
0

725
0
2034
3078
0

725
0
2070
3078
0

725
0
2106
3078
0

725
0
2142
3078
0

725
0
2178
3078
0

725
0
2214
3078
0

725
0
2250
3078
0

725
0
2286
3078
0

725
0
2322
3078
0

725
0
2358
3078
0

725
0
2394
3078
0

725
0
2430
3078
0

725
0
2466
3078
0

725
0
2502
3078
0

725
0
2538
3078
0

725
0
2574
3078
0

725
0
2646
3114
0

690
0
2646
3150
0

690
0
2682
3078
0

725
0
2718
3078
0

725
0
2754
3078
0

725
0
2646
3438
0

775
0
1278
2682
0

1019
0
2034
2970
0

1014
0
1854
2934
0

985
0
1854
2970
0

985
0
1854
3006
0

985
0
1854
3042
0

985
0
1890
2934
0

986
0
1890
2970
0

986
0
1890
3006
0

986
0
1890
3042
0

986
0
2610
3330
0

708
0
2646
3330
0

709
0
2610
3294
0

689
0
2610
3258
0

689
0
2610
3222
0

689
0
2610
3186
0

689
0
2610
3150
0

689
0
2610
3114
0

689
0
2646
3294
0

690
0
2646
3258
0

690
0
2646
3222
0

690
0
2646
3186
0

690
0
2610
3078
0

484
0
2646
3078
0

481
0
2610
2898
0

708
0
2646
2898
0

709
0
2646
2862
0

674
0
2646
2826
0

674
0
2646
2790
0

674
0
2646
2754
0

674
0
2646
2718
0

674
0
2646
3042
0

294
0
2610
2862
0

675
0
2610
2826
0

675
0
2610
2790
0

675
0
2610
2754
0

675
0
2610
2718
0

675
0
2610
2682
0

675
0
2466
3042
0

359
0
1998
3042
0

359
0
1962
3042
0

359
0
1926
3042
0

359
0
2502
3042
0

359
0
2538
3042
0

359
0
2574
3042
0

359
0
2466
3006
0

289
0
2502
3006
0

289
0
2538
3006
0

289
0
2574
3006
0

289
0
1998
3006
0

289
0
1962
3006
0

289
0
1926
3006
0

289
0
1926
2970
0

275
0
1962
2970
0

275
0
1998
2970
0

275
0
2466
2970
0

275
0
2502
2970
0

275
0
2538
2970
0

275
0
2574
2970
0

275
0
2574
2934
0

22
0
2538
2934
0

22
0
2502
2934
0

22
0
2466
2934
0

22
0
2430
2934
0

22
0
2394
2934
0

22
0
2358
2934
0

22
0
2322
2934
0

22
0
2286
2934
0

22
0
2250
2934
0

22
0
2214
2934
0

22
0
2178
2934
0

22
0
2142
2934
0

22
0
2106
2934
0

22
0
2070
2934
0

22
0
2034
2934
0

22
0
1998
2934
0

22
0
1962
2934
0

22
0
1926
2934
0

22
0
1926
2898
0

22
0
1962
2898
0

22
0
1998
2898
0

22
0
2034
2898
0

22
0
2070
2898
0

22
0
2106
2898
0

22
0
2142
2898
0

22
0
2178
2898
0

22
0
2214
2898
0

22
0
2250
2898
0

22
0
2286
2898
0

22
0
2322
2898
0

22
0
2358
2898
0

22
0
2394
2898
0

22
0
2430
2898
0

22
0
2466
2898
0

22
0
2502
2898
0

22
0
2538
2898
0

22
0
2574
2898
0

22
0
2574
2862
0

22
0
2538
2862
0

22
0
2502
2862
0

22
0
2466
2862
0

22
0
2430
2862
0

22
0
2394
2862
0

22
0
2358
2862
0

22
0
2322
2862
0

22
0
2286
2862
0

22
0
2250
2862
0

22
0
2214
2862
0

22
0
2178
2862
0

22
0
2142
2862
0

22
0
2106
2862
0

22
0
2070
2862
0

22
0
2034
2862
0

22
0
1998
2862
0

22
0
1962
2862
0

22
0
1926
2862
0

22
0
1926
2826
0

22
0
1962
2826
0

22
0
1998
2826
0

22
0
2034
2826
0

22
0
2070
2826
0

22
0
2106
2826
0

22
0
2142
2826
0

22
0
2178
2826
0

22
0
2214
2826
0

22
0
2250
2826
0

22
0
2322
2826
0

22
0
2358
2826
0

22
0
2394
2826
0

22
0
2430
2826
0

22
0
2466
2826
0

22
0
2502
2826
0

22
0
2538
2826
0

22
0
2574
2826
0

22
0
2286
2826
0

22
0
2358
2790
0

22
0
2394
2790
0

22
0
2430
2790
0

22
0
2466
2790
0

22
0
2502
2790
0

22
0
2538
2790
0

22
0
2574
2790
0

22
0
2574
2754
0

22
0
2574
2718
0

22
0
2574
2682
0

22
0
2538
2718
0

22
0
2538
2754
0

22
0
2538
2682
0

22
0
2502
2718
0

22
0
2502
2754
0

22
0
2466
2718
0

22
0
2466
2682
0

22
0
2502
2682
0

22
0
2430
2682
0

22
0
2394
2682
0

22
0
2358
2682
0

22
0
2322
2682
0

22
0
2286
2682
0

22
0
2250
2682
0

22
0
2214
2682
0

22
0
2178
2682
0

22
0
2142
2682
0

22
0
2106
2682
0

22
0
2070
2682
0

22
0
2034
2682
0

22
0
1998
2682
0

22
0
1962
2682
0

22
0
1926
2682
0

22
0
1926
2718
0

22
0
1962
2718
0

22
0
2034
2718
0

22
0
2070
2718
0

22
0
2106
2718
0

22
0
2142
2718
0

22
0
2178
2718
0

22
0
2214
2718
0

22
0
2250
2718
0

22
0
2286
2718
0

22
0
2322
2718
0

22
0
2358
2718
0

22
0
2394
2718
0

22
0
2430
2718
0

22
0
2466
2754
0

22
0
2430
2754
0

22
0
2394
2754
0

22
0
2358
2754
0

22
0
2322
2754
0

22
0
2286
2754
0

22
0
2250
2754
0

22
0
2214
2754
0

22
0
2178
2754
0

22
0
2142
2754
0

22
0
2106
2754
0

22
0
2070
2754
0

22
0
2034
2754
0

22
0
1998
2754
0

22
0
1998
2718
0

22
0
1962
2754
0

22
0
1926
2754
0

22
0
1926
2790
0

22
0
1962
2790
0

22
0
1998
2790
0

22
0
2034
2790
0

22
0
2070
2790
0

22
0
2106
2790
0

22
0
2142
2790
0

22
0
2178
2790
0

22
0
2214
2790
0

22
0
2250
2790
0

22
0
2646
3366
0

775
0
2646
3402
0

775
0
2610
2934
0

774
0
2610
2970
0

774
0
2610
3006
0

1006
0
2610
3042
0

11
0
2646
2934
0

294
0
2646
2970
0

294
0
2646
3006
0

294
0
2646
2682
0

690
0
3402
3510
0

735
0
3438
3510
0

735
0
3474
3510
0

735
0
3510
3510
0

735
0
3510
3546
0

508
0
3474
3546
0

508
0
3438
3546
0

508
0
3402
3546
0

508
0
3366
3546
0

508
0
3330
3546
0

508
0
3294
3546
0

508
0
3258
3546
0

508
0
3222
3546
0

508
0
3186
3546
0

508
0
3150
3546
0

508
0
3114
3546
0

508
0
3078
3546
0

508
0
3042
3546
0

508
0
3006
3546
0

508
0
2970
3546
0

508
0
2934
3546
0

508
0
2898
3546
0

508
0
2862
3546
0

508
0
2826
3546
0

508
0
2790
3546
0

508
0
2754
3546
0

508
0
2718
3546
0

508
0
2682
3546
0

508
0
2646
3546
0

508
0
2610
3546
0

508
0
2574
3546
0

508
0
2538
3546
0

508
0
2502
3546
0

508
0
2466
3546
0

508
0
2430
3546
0

508
0
2394
3546
0

508
0
2358
3546
0

508
0
2322
3546
0

508
0
2286
3546
0

508
0
2250
3546
0

508
0
2214
3546
0

508
0
2178
3546
0

508
0
2718
3294
0

501
0
2682
3294
0

501
0
3510
3294
0

495
0
2754
3294
0

501
0
2862
3294
0

495
0
3366
3294
0

495
0
3438
3294
0

495
0
3258
3294
0

501
0
3294
3294
0

495
0
3186
3294
0

501
0
3222
3294
0

495
0
3114
3294
0

501
0
3150
3294
0

495
0
3042
3294
0

501
0
3078
3294
0

495
0
2970
3294
0

501
0
3006
3294
0

495
0
2898
3294
0

501
0
2934
3294
0

495
0
2826
3294
0

501
0
2790
3294
0

495
0
3330
3294
0

495
0
3402
3294
0

495
0
3474
3294
0

495
0
2646
3474
0

1007
1
1926
3366
0

484
1
1998
3366
0

484
1
1422
3402
0

746
1
1818
3366
0

481
1
1530
3366
0

481
1
1854
3078
0

727
1
1242
3366
0

481
1
1890
3078
0

724
1
1314
3366
0

481
1
1674
3366
0

481
1
1890
3366
0

481
1
1638
3402
0

746
1
1962
3366
0

481
1
1386
3366
0

481
1
1458
3366
0

481
1
1602
3366
0

481
1
1746
3366
0

481
1
1782
3402
0

746
1
1494
3402
0

746
1
1854
3402
0

746
1
1998
3402
0

746
1
1674
3402
0

746
1
1566
3402
0

746
1
1962
3402
0

746
1
1926
3402
0

746
1
1818
3402
0

746
1
1746
3402
0

746
1
1710
3402
0

746
1
1602
3402
0

746
1
1890
3402
0

746
1
1530
3402
0

746
1
1242
3402
0

746
1
1278
3402
0

746
1
1314
3402
0

746
1
1350
3402
0

746
1
1386
3402
0

746
1
1458
3402
0

746
1
2034
3366
0

633
1
2070
3402
0

633
1
2106
3438
0

633
1
2142
3474
0

633
1
2034
3402
0

632
1
2070
3438
0

632
1
2106
3474
0

632
1
1854
3222
0

985
1
1854
3258
0

985
1
1854
3294
0

985
1
1854
3330
0

985
1
1890
3222
0

986
1
1890
3258
0

986
1
1890
3294
0

986
1
1890
3330
0

986
1
3438
3330
0

298
1
3402
3330
0

298
1
3366
3330
0

298
1
3330
3330
0

298
1
3294
3330
0

298
1
3258
3330
0

298
1
3222
3330
0

298
1
3186
3330
0

298
1
3150
3330
0

298
1
3114
3330
0

298
1
3078
3330
0

298
1
3042
3330
0

298
1
3006
3330
0

298
1
2970
3330
0

298
1
2934
3330
0

298
1
2898
3330
0

298
1
2862
3330
0

298
1
2826
3330
0

298
1
2790
3330
0

298
1
2754
3330
0

298
1
3510
3474
0

365
1
3474
3474
0

365
1
2718
3330
0

298
1
2682
3330
0

298
1
3510
3438
0

351
1
3474
3438
0

351
1
3438
3438
0

351
1
3402
3438
0

351
1
3366
3438
0

351
1
3330
3438
0

351
1
3294
3438
0

351
1
3258
3438
0

351
1
3222
3438
0

351
1
3186
3438
0

351
1
3150
3438
0

351
1
3114
3438
0

351
1
3078
3438
0

351
1
3042
3438
0

351
1
3006
3438
0

351
1
2970
3438
0

351
1
2934
3438
0

351
1
2898
3438
0

351
1
2862
3438
0

351
1
2826
3438
0

351
1
2790
3438
0

351
1
2754
3438
0

351
1
2718
3438
0

351
1
2682
3438
0

351
1
2682
3402
0

352
1
2718
3402
0

352
1
2754
3402
0

352
1
2790
3402
0

352
1
2826
3402
0

352
1
2862
3402
0

352
1
2898
3402
0

352
1
2970
3402
0

352
1
3006
3402
0

352
1
3042
3402
0

352
1
3114
3402
0

352
1
3186
3402
0

352
1
3222
3402
0

352
1
3258
3402
0

352
1
3294
3402
0

352
1
3330
3402
0

352
1
3366
3402
0

352
1
3402
3402
0

352
1
3438
3402
0

352
1
3474
3402
0

352
1
3510
3402
0

352
1
3150
3402
0

352
1
3078
3402
0

352
1
2934
3402
0

352
1
3510
3366
0

337
1
3474
3366
0

337
1
3438
3366
0

337
1
3402
3366
0

337
1
3366
3366
0

337
1
3330
3366
0

337
1
3294
3366
0

337
1
3258
3366
0

337
1
3222
3366
0

337
1
3186
3366
0

337
1
3150
3366
0

337
1
3114
3366
0

337
1
3078
3366
0

337
1
3042
3366
0

337
1
3006
3366
0

337
1
2970
3366
0

337
1
2934
3366
0

337
1
2898
3366
0

337
1
2862
3366
0

337
1
2826
3366
0

337
1
2790
3366
0

337
1
2754
3366
0

337
1
2718
3366
0

337
1
2682
3366
0

337
1
3510
3330
0

298
1
3474
3330
0

298
1
2682
3474
0

365
1
2718
3474
0

365
1
2754
3474
0

365
1
2790
3474
0

365
1
2826
3474
0

365
1
2862
3474
0

365
1
2898
3474
0

365
1
2934
3474
0

365
1
2970
3474
0

365
1
3438
3474
0

365
1
3402
3474
0

365
1
3366
3474
0

365
1
3330
3474
0

365
1
3294
3474
0

365
1
3258
3474
0

365
1
3222
3474
0

365
1
3186
3474
0

365
1
3150
3474
0

365
1
3114
3474
0

365
1
3078
3474
0

365
1
3042
3474
0

365
1
3006
3474
0

365
2
1890
2898
0

709
2
1854
2898
0

708
2
1890
2862
0

690
2
1890
2826
0

690
2
1890
2790
0

690
2
1890
2754
0

690
2
1890
2718
0

690
2
1890
2682
0

690
2
1854
2862
0

689
2
1854
2826
0

689
2
1854
2790
0

689
2
1854
2754
0

689
2
1854
2718
0

689
2
1854
2682
0

689
2
3258
3510
0

735
2
2142
3510
0

484
2
2178
3510
0

481
2
2250
3510
0

481
2
2322
3510
0

481
2
2394
3510
0

481
2
2466
3510
0

481
2
2538
3510
0

481
2
2610
3510
0

481
2
2214
3510
0

484
2
2286
3510
0

484
2
2358
3510
0

484
2
2430
3510
0

484
2
2502
3510
0

484
2
2574
3510
0

484
2
2646
3510
0

735
2
2682
3510
0

735
2
2718
3510
0

735
2
2754
3510
0

735
2
2790
3510
0

735
2
2826
3510
0

735
2
2862
3510
0

735
2
2898
3510
0

735
2
2934
3510
0

735
2
2970
3510
0

735
2
3006
3510
0

735
2
3042
3510
0

735
2
3078
3510
0

735
2
3114
3510
0

735
2
3150
3510
0

735
2
3186
3510
0

735
2
3222
3510
0

735
2
3294
3510
0

735
2
3330
3510
0

735
2
3366
3510
0

735
