10
894
490
0
894
490
0
871
448
0
871
448
0
917
488
0
917
488
0
585
336
0
585
336
0
683
394
0
683
394
0
685
400
0
685
400
0
868
460
0
868
460
0
866
462
0
866
462
0
1547
5239
0
1247
4955
0
4654
5243
0
4356
5527
0
16
4928
5219
0
4928
4783
0
3208.8
5322
0
3208.8
5226.8
0
3451.71
5225.64
0
3451.71
5320.22
0
3451.45
4938.73
0
3451.45
5032.82
0
3209.64
5034.64
0
3209.64
4937.82
0
1507.92
5028.76
0
1507.92
4970.8
0
2660
5396
0
2660
5331
0
2741
5330
0
2741
5394
0
3701
5400
0
3701
5328
0
3786
5331
0
3786
5395
0
4719.87
5037.87
0
4719.87
4970.91
0
4251.63
5324.37
0
4251.63
5257
0
3844
4756
0
3844
4823
0
3931
4753
0
3931
4823
0
2730
5111
0
2730
5044
0
2812
5043
0
2812
5103
0
