658
0
3078
4482
0

541
0
2970
5490
0

503
0
2862
5490
0

503
0
2754
5490
0

503
0
2646
5490
0

503
0
2538
5490
0

503
0
2430
5490
0

503
0
2322
5490
0

503
0
2214
5490
0

503
0
2106
5490
0

503
0
1998
5490
0

503
0
1674
5274
0

527
0
1782
5490
0

503
0
1674
5490
0

503
0
1566
5490
0

503
0
3618
5490
0

503
0
3726
5490
0

503
0
3834
5490
0

503
0
3942
5490
0

503
0
4050
5490
0

503
0
4158
5490
0

503
0
4266
5490
0

503
0
4374
5490
0

503
0
3618
5274
0

527
0
4518
5274
0

510
0
4122
5274
0

527
0
2214
5274
0

527
0
2430
5274
0

527
0
2862
5274
0

527
0
4266
5454
0

504
0
2754
5274
0

527
0
4050
5454
0

504
0
4014
5274
0

527
0
3042
5562
0

487
0
3114
5562
0

487
0
3186
5562
0

487
0
3258
5562
0

487
0
3330
5562
0

487
0
3402
5562
0

487
0
3474
5562
0

487
0
3546
5562
0

487
0
3618
5562
0

487
0
3690
5562
0

487
0
3762
5562
0

487
0
3834
5562
0

487
0
3906
5562
0

487
0
3978
5562
0

487
0
4050
5562
0

487
0
4122
5562
0

487
0
4194
5562
0

487
0
4266
5562
0

487
0
4338
5562
0

487
0
1890
5490
0

503
0
1890
5454
0

504
0
3726
5274
0

527
0
3834
5274
0

527
0
4230
5274
0

525
0
3942
5274
0

527
0
2538
5274
0

527
0
2322
5274
0

527
0
2970
5274
0

527
0
4374
5418
0

504
0
4374
5454
0

504
0
4482
5418
0

504
0
1566
5562
0

487
0
4374
5274
0

510
0
4446
5274
0

510
0
4302
5274
0

510
0
2970
5562
0

487
0
2898
5562
0

487
0
2826
5562
0

487
0
2754
5562
0

487
0
2682
5562
0

487
0
2610
5562
0

487
0
2538
5562
0

487
0
2466
5562
0

487
0
2394
5562
0

487
0
2322
5562
0

487
0
2250
5562
0

487
0
2178
5562
0

487
0
2106
5562
0

487
0
2034
5562
0

487
0
1962
5562
0

487
0
1890
5562
0

487
0
1818
5562
0

487
0
1746
5562
0

487
0
1674
5562
0

487
0
1602
5562
0

487
0
2826
5490
0

470
0
2970
5454
0

504
0
2970
5418
0

504
0
2862
5418
0

504
0
2862
5454
0

504
0
2970
5346
0

505
0
2862
5346
0

505
0
2754
5346
0

505
0
2646
5346
0

505
0
2538
5346
0

505
0
2430
5346
0

505
0
2322
5346
0

505
0
2214
5346
0

505
0
2106
5346
0

505
0
1998
5346
0

505
0
1890
5346
0

505
0
1782
5346
0

505
0
1674
5346
0

505
0
1566
5346
0

505
0
2754
5418
0

504
0
2754
5454
0

504
0
2646
5418
0

504
0
2646
5454
0

504
0
2538
5418
0

504
0
2538
5454
0

504
0
2430
5418
0

504
0
2430
5454
0

504
0
2322
5418
0

504
0
2322
5454
0

504
0
2214
5418
0

504
0
2214
5454
0

504
0
2106
5418
0

504
0
2106
5454
0

504
0
1998
5418
0

504
0
1998
5454
0

504
0
1890
5418
0

504
0
1566
5274
0

527
0
1782
5418
0

504
0
1782
5454
0

504
0
1674
5418
0

504
0
1674
5454
0

504
0
1566
5418
0

504
0
1566
5454
0

504
0
3618
5346
0

505
0
3726
5346
0

505
0
3834
5346
0

505
0
3942
5346
0

505
0
4050
5346
0

505
0
4158
5346
0

505
0
4266
5346
0

505
0
4374
5346
0

505
0
4482
5346
0

505
0
4374
5562
0

487
0
1782
5274
0

527
0
1890
5274
0

527
0
2106
5274
0

527
0
2646
5274
0

527
0
4158
5454
0

504
0
4266
5418
0

504
0
4158
5418
0

504
0
1998
5274
0

527
0
3618
5418
0

504
0
3618
5454
0

504
0
3726
5418
0

504
0
3726
5454
0

504
0
3834
5418
0

504
0
3834
5454
0

504
0
3942
5418
0

504
0
3942
5454
0

504
0
4050
5418
0

504
0
4446
5562
0

227
0
4446
5598
0

237
0
4698
5274
0

487
0
4770
5274
0

487
0
4842
5274
0

487
0
4878
5274
0

487
0
4950
5274
0

227
0
4950
5310
0

237
0
4914
5202
0

531
0
4914
5130
0

532
0
3618
4986
0

527
0
3726
4986
0

527
0
3834
4986
0

527
0
3942
4986
0

527
0
4050
4986
0

527
0
4158
4986
0

527
0
4266
4986
0

527
0
4374
4986
0

527
0
4482
4986
0

527
0
4590
4986
0

527
0
4770
4986
0

510
0
4842
4986
0

510
0
4698
4986
0

525
0
4914
5058
0

534
0
4914
4986
0

521
0
4806
5202
0

503
0
4698
5202
0

503
0
4590
5202
0

503
0
4482
5202
0

503
0
4374
5202
0

503
0
4266
5202
0

503
0
4158
5202
0

503
0
4050
5202
0

503
0
3942
5202
0

503
0
3834
5202
0

503
0
3726
5202
0

503
0
3618
5202
0

503
0
3618
4914
0

503
0
3726
4914
0

503
0
3834
4914
0

503
0
3942
4914
0

503
0
4050
4914
0

503
0
4158
4914
0

503
0
4266
4914
0

503
0
4374
4914
0

503
0
4482
4914
0

503
0
4590
4914
0

503
0
4698
4914
0

503
0
4806
4914
0

503
0
2970
5202
0

503
0
2862
5202
0

503
0
2754
5202
0

503
0
2646
5202
0

503
0
2538
5202
0

503
0
2430
5202
0

503
0
2322
5202
0

503
0
2214
5202
0

503
0
2106
5202
0

503
0
1998
5202
0

503
0
1890
5202
0

503
0
1782
5202
0

503
0
1674
5202
0

503
0
1566
5202
0

503
0
2970
4914
0

503
0
2862
4914
0

503
0
2754
4914
0

503
0
2646
4914
0

503
0
2538
4914
0

503
0
2430
4914
0

503
0
2322
4914
0

503
0
2214
4914
0

503
0
2106
4914
0

503
0
1998
4914
0

503
0
1890
4914
0

503
0
1782
4914
0

503
0
1674
4914
0

503
0
1566
4914
0

503
0
4806
5166
0

504
0
4698
5166
0

504
0
4806
5058
0

505
0
4698
5058
0

505
0
4590
5058
0

505
0
4482
5058
0

505
0
4374
5058
0

505
0
4266
5058
0

505
0
4158
5058
0

505
0
4050
5058
0

505
0
3942
5058
0

505
0
3834
5058
0

505
0
3726
5058
0

505
0
3618
5058
0

505
0
2970
5058
0

505
0
2862
5058
0

505
0
2754
5058
0

505
0
2646
5058
0

505
0
2538
5058
0

505
0
2430
5058
0

505
0
2322
5058
0

505
0
2214
5058
0

505
0
2106
5058
0

505
0
1998
5058
0

505
0
1890
5058
0

505
0
1782
5058
0

505
0
1674
5058
0

505
0
1566
5058
0

505
0
3618
4770
0

505
0
3726
4770
0

505
0
3834
4770
0

505
0
3942
4770
0

505
0
4050
4770
0

505
0
4158
4770
0

505
0
4266
4770
0

505
0
4374
4770
0

505
0
4482
4770
0

505
0
4590
4770
0

505
0
4698
4770
0

505
0
4806
4770
0

505
0
2970
4770
0

505
0
2862
4770
0

505
0
2754
4770
0

505
0
2646
4770
0

505
0
2538
4770
0

505
0
2430
4770
0

505
0
2322
4770
0

505
0
2214
4770
0

505
0
2106
4770
0

505
0
1998
4770
0

505
0
1890
4770
0

505
0
1782
4770
0

505
0
1674
4770
0

505
0
1566
4770
0

505
0
4806
5130
0

504
0
4698
5130
0

504
0
4590
5130
0

504
0
4590
5166
0

504
0
4482
5130
0

504
0
4482
5166
0

504
0
4374
5130
0

504
0
4374
5166
0

504
0
4266
5130
0

504
0
4266
5166
0

504
0
4158
5130
0

504
0
4158
5166
0

504
0
4050
5130
0

504
0
4050
5166
0

504
0
3942
5130
0

504
0
3942
5166
0

504
0
3834
5130
0

504
0
3834
5166
0

504
0
3726
5130
0

504
0
3726
5166
0

504
0
3618
5130
0

504
0
3618
5166
0

504
0
3618
4842
0

504
0
3618
4878
0

504
0
3726
4842
0

504
0
3726
4878
0

504
0
3834
4842
0

504
0
3834
4878
0

504
0
3942
4842
0

504
0
3942
4878
0

504
0
4050
4842
0

504
0
4050
4878
0

504
0
4158
4842
0

504
0
4158
4878
0

504
0
4266
4842
0

504
0
4266
4878
0

504
0
4374
4842
0

504
0
4374
4878
0

504
0
4482
4842
0

504
0
4482
4878
0

504
0
4590
4842
0

504
0
4590
4878
0

504
0
4698
4842
0

504
0
4698
4878
0

504
0
4806
4842
0

504
0
4806
4878
0

504
0
1566
5130
0

504
0
1566
5166
0

504
0
1566
4842
0

504
0
1566
4878
0

504
0
1674
4842
0

504
0
1674
4878
0

504
0
1782
4842
0

504
0
1782
4878
0

504
0
1890
4842
0

504
0
1890
4878
0

504
0
1998
4842
0

504
0
1998
4878
0

504
0
2106
4842
0

504
0
2106
4878
0

504
0
2214
4842
0

504
0
2214
4878
0

504
0
2322
4842
0

504
0
2322
4878
0

504
0
2430
4842
0

504
0
2430
4878
0

504
0
2538
4842
0

504
0
2538
4878
0

504
0
2646
4842
0

504
0
2646
4878
0

504
0
2754
4842
0

504
0
2754
4878
0

504
0
2862
4842
0

504
0
2862
4878
0

504
0
2970
4842
0

504
0
2970
4878
0

504
0
1674
5130
0

504
0
1674
5166
0

504
0
1782
5130
0

504
0
1782
5166
0

504
0
1890
5130
0

504
0
1890
5166
0

504
0
1998
5130
0

504
0
1998
5166
0

504
0
2106
5130
0

504
0
2106
5166
0

504
0
2214
5130
0

504
0
2214
5166
0

504
0
2322
5130
0

504
0
2322
5166
0

504
0
2430
5130
0

504
0
2430
5166
0

504
0
2538
5130
0

504
0
2538
5166
0

504
0
2646
5130
0

504
0
2646
5166
0

504
0
2754
5130
0

504
0
2754
5166
0

504
0
2862
5130
0

504
0
2862
5166
0

504
0
2970
5130
0

504
0
2970
5166
0

504
0
2970
4986
0

527
0
2862
4986
0

527
0
2754
4986
0

527
0
2646
4986
0

527
0
2538
4986
0

527
0
2430
4986
0

527
0
2322
4986
0

527
0
2214
4986
0

527
0
2106
4986
0

527
0
1998
4986
0

527
0
1890
4986
0

527
0
1782
4986
0

527
0
1674
4986
0

527
0
1566
4986
0

527
0
4914
4914
0

531
0
4914
4842
0

532
0
4914
4770
0

534
0
4914
4734
0

519
0
4878
4698
0

514
0
4842
4698
0

514
0
4806
4698
0

514
0
4770
4698
0

514
0
4734
4698
0

514
0
4698
4698
0

514
0
4662
4698
0

514
0
4626
4698
0

514
0
4590
4698
0

514
0
4554
4698
0

514
0
4518
4698
0

514
0
4482
4698
0

514
0
4446
4698
0

514
0
4410
4698
0

514
0
4374
4698
0

514
0
4338
4698
0

514
0
4302
4698
0

514
0
4266
4698
0

514
0
4230
4698
0

514
0
4194
4698
0

514
0
4158
4698
0

514
0
4122
4698
0

514
0
4086
4698
0

514
0
4050
4698
0

514
0
4014
4698
0

514
0
3978
4698
0

514
0
3942
4698
0

514
0
3906
4698
0

514
0
3870
4698
0

514
0
3834
4698
0

514
0
3798
4698
0

514
0
3762
4698
0

514
0
3726
4698
0

514
0
3690
4698
0

514
0
3654
4698
0

514
0
3618
4698
0

514
0
3042
4698
0

514
0
3006
4698
0

514
0
2970
4698
0

514
0
2934
4698
0

514
0
2898
4698
0

514
0
2862
4698
0

514
0
2826
4698
0

514
0
2790
4698
0

514
0
2754
4698
0

514
0
2718
4698
0

514
0
2682
4698
0

514
0
2646
4698
0

514
0
2610
4698
0

514
0
990
4986
0

487
0
2538
4698
0

514
0
2502
4698
0

514
0
2466
4698
0

514
0
2430
4698
0

514
0
2394
4698
0

514
0
2358
4698
0

514
0
2322
4698
0

514
0
2286
4698
0

514
0
2250
4698
0

514
0
2214
4698
0

514
0
2178
4698
0

514
0
2142
4698
0

514
0
2106
4698
0

514
0
2070
4698
0

514
0
2034
4698
0

514
0
1998
4698
0

514
0
1962
4698
0

514
0
1926
4698
0

514
0
1890
4698
0

514
0
1854
4698
0

514
0
1818
4698
0

514
0
1782
4698
0

514
0
1746
4698
0

514
0
1710
4698
0

514
0
1674
4698
0

514
0
1638
4698
0

514
0
1602
4698
0

514
0
1566
4698
0

514
0
2682
4878
0

478
0
2826
4878
0

483
0
1350
4986
0

510
0
1494
4986
0

526
0
1422
4986
0

510
0
1242
4986
0

523
0
1530
5490
0

503
0
1494
5562
0

487
0
1422
5562
0

487
0
1350
5562
0

487
0
1278
5562
0

487
0
1206
5562
0

487
0
1134
5562
0

487
0
1062
5562
0

487
0
990
5562
0

487
0
1422
5490
0

503
0
1314
5490
0

503
0
1206
5490
0

503
0
1098
5490
0

503
0
990
5490
0

503
0
1458
5346
0

505
0
1350
5346
0

505
0
1242
5346
0

505
0
1134
5346
0

505
0
1026
5346
0

505
0
990
5346
0

505
0
1458
5418
0

504
0
1458
5454
0

504
0
1350
5418
0

504
0
1350
5454
0

504
0
1242
5418
0

504
0
1242
5454
0

504
0
1134
5418
0

504
0
1134
5454
0

504
0
990
5418
0

504
0
990
5454
0

504
0
1026
5418
0

504
0
1026
5454
0

504
0
1458
5058
0

505
0
1350
5058
0

505
0
1458
5202
0

503
0
1458
5130
0

504
0
1458
5166
0

504
0
1386
5130
0

504
0
1170
4986
0

487
0
1098
4986
0

487
0
1026
4986
0

487
0
1458
4914
0

503
0
1350
4914
0

503
0
1242
4914
0

503
0
1134
4914
0

503
0
1026
4914
0

503
0
990
4914
0

503
0
1458
4770
0

505
0
1350
4770
0

505
0
1242
4770
0

505
0
1134
4770
0

505
0
1026
4770
0

505
0
990
4770
0

505
0
1458
4842
0

504
0
1458
4878
0

504
0
1242
4878
0

504
0
1314
4878
0

504
0
1242
4842
0

504
0
1422
4878
0

504
0
1350
4842
0

504
0
1134
4842
0

504
0
1134
4878
0

504
0
1026
4842
0

504
0
1026
4878
0

504
0
990
4842
0

504
0
990
4878
0

504
0
1530
4698
0

514
0
1494
4698
0

514
0
1458
4698
0

514
0
1422
4698
0

514
0
1386
4698
0

514
0
1350
4698
0

514
0
1314
4698
0

514
0
1278
4698
0

514
0
1242
4698
0

514
0
1206
4698
0

514
0
1170
4698
0

514
0
1134
4698
0

514
0
1098
4698
0

514
0
1062
4698
0

514
0
1026
4698
0

514
0
990
4698
0

514
1
2934
5454
0

479
1
1890
4914
0

482
1
2286
5382
0

498
1
1854
5454
0

499
1
1890
5382
0

540
1
2070
5490
0

482
1
4590
5274
0

524
1
4410
5490
0

494
1
4518
5382
0

495
1
4482
5418
0

495
1
4446
5454
0

495
1
4554
5346
0

495
1
4590
5382
0

407
1
3726
5274
0

539
1
3834
5454
0

499
1
3870
5382
0

540
1
2178
5166
0

540
1
2682
5274
0

539
1
4122
5454
0

483
1
4194
5454
0

483
1
4662
5166
0

479
1
4374
5166
0

499
1
4014
5166
0

499
1
3726
5166
0

499
1
3762
5094
0

540
1
4050
5094
0

540
1
4410
5094
0

540
1
4230
5202
0

470
1
4626
4878
0

479
1
4410
4878
0

499
1
4050
4878
0

499
1
3654
4878
0

499
1
3690
4806
0

540
1
4086
4806
0

540
1
4446
4806
0

540
1
4302
4914
0

482
1
4230
4698
0

502
1
4698
4698
0

502
1
3870
4698
0

539
1
2934
5166
0

479
1
2754
4986
0

539
1
2430
5094
0

498
1
2394
4878
0

499
1
2070
4878
0

499
1
1674
4878
0

499
1
2934
4878
0

479
1
2430
4806
0

540
1
2106
4806
0

540
1
1710
4806
0

540
1
1350
4698
0

501
1
1062
4914
0

474
1
2934
5094
0

540
1
1350
4878
0

478
1
1962
5166
0

540
1
2538
5418
0

540
1
1422
5274
0

527
1
1530
5274
0

527
1
1602
4698
0

501
1
1350
5058
0

492
1
1386
5094
0

492
1
1422
5130
0

492
1
1458
5166
0

492
1
1494
5202
0

491
1
1530
5238
0

490
1
1314
5094
0

404
1
1926
5238
0

472
1
990
5274
0

527
1
1098
5274
0

527
1
1206
5274
0

527
1
1314
5274
0

527
1
2574
4698
0

514
1
2610
4698
0

502
1
2898
4698
0

502
1
1026
4698
0

502
1
2034
5202
0

474
1
2034
5166
0

540
1
2106
5166
0

540
1
1098
5382
0

498
1
1530
5454
0

478
1
1638
5454
0

478
1
1566
5382
0

540
1
1350
5454
0

483
1
4374
5526
0

493
