175
130
162
4698
5850
0

0
130
152
4698
5490
0

0
130
140
4698
5058
0

0
122
162
4410
5850
0

0
122
152
4410
5490
0

0
122
140
4410
5058
0

0
123
162
4446
5850
0

0
123
152
4446
5490
0

0
123
140
4446
5058
0

0
124
162
4482
5850
0

0
124
152
4482
5490
0

0
124
140
4482
5058
0

0
125
162
4518
5850
0

0
125
152
4518
5490
0

0
125
140
4518
5058
0

0
126
162
4554
5850
0

0
126
152
4554
5490
0

0
126
140
4554
5058
0

0
127
162
4590
5850
0

0
127
152
4590
5490
0

0
127
140
4590
5058
0

0
128
162
4626
5850
0

0
128
152
4626
5490
0

0
128
140
4626
5058
0

0
129
162
4662
5850
0

0
129
152
4662
5490
0

0
129
140
4662
5058
0

0
131
162
4734
5850
0

0
131
152
4734
5490
0

0
131
140
4734
5058
0

0
132
162
4770
5850
0

0
132
152
4770
5490
0

0
132
140
4770
5058
0

0
133
162
4806
5850
0

0
133
152
4806
5490
0

0
133
140
4806
5058
0

0
134
162
4842
5850
0

0
134
152
4842
5490
0

0
134
140
4842
5058
0

0
135
162
4878
5850
0

0
135
152
4878
5490
0

0
135
140
4878
5058
0

0
136
162
4914
5850
0

0
136
152
4914
5490
0

0
136
140
4914
5058
0

0
137
162
4950
5850
0

0
137
152
4950
5490
0

0
137
140
4950
5058
0

0
138
162
4986
5850
0

0
138
152
4986
5490
0

0
138
140
4986
5058
0

0
139
162
5022
5850
0

0
139
152
5022
5490
0

0
139
140
5022
5058
0

0
140
162
5058
5850
0

0
140
152
5058
5490
0

0
140
140
5058
5058
0

0
141
162
5094
5850
0

0
141
152
5094
5490
0

0
141
140
5094
5058
0

0
142
162
5130
5850
0

0
142
152
5130
5490
0

0
142
140
5130
5058
0

0
143
162
5166
5850
0

0
143
152
5166
5490
0

0
143
140
5166
5058
0

0
144
162
5202
5850
0

0
144
152
5202
5490
0

0
144
140
5202
5058
0

0
145
162
5238
5850
0

0
145
152
5238
5490
0

0
145
140
5238
5058
0

0
146
162
5274
5850
0

0
146
152
5274
5490
0

0
146
140
5274
5058
0

0
147
162
5310
5850
0

0
147
152
5310
5490
0

0
147
140
5310
5058
0

0
148
162
5346
5850
0

0
148
152
5346
5490
0

0
148
140
5346
5058
0

0
149
162
5382
5850
0

0
149
152
5382
5490
0

0
149
140
5382
5058
0

0
150
162
5418
5850
0

0
150
152
5418
5490
0

0
150
140
5418
5058
0

0
151
162
5454
5850
0

0
151
152
5454
5490
0

0
151
140
5454
5058
0

0
152
162
5490
5850
0

0
152
152
5490
5490
0

0
152
140
5490
5058
0

0
153
162
5526
5850
0

0
153
152
5526
5490
0

0
153
140
5526
5058
0

0
154
162
5562
5850
0

0
154
152
5562
5490
0

0
154
140
5562
5058
0

0
155
162
5598
5850
0

0
155
152
5598
5490
0

0
155
140
5598
5058
0

0
156
162
5634
5850
0

0
156
152
5634
5490
0

0
156
140
5634
5058
0

0
157
162
5670
5850
0

0
157
152
5670
5490
0

0
157
140
5670
5058
0

0
158
162
5706
5850
0

0
158
152
5706
5490
0

0
158
140
5706
5058
0

0
159
162
5742
5850
0

0
159
152
5742
5490
0

0
159
140
5742
5058
0

0
160
162
5778
5850
0

0
160
152
5778
5490
0

0
160
140
5778
5058
0

0
161
162
5814
5850
0

0
161
152
5814
5490
0

0
161
140
5814
5058
0

0
162
162
5850
5850
0

0
163
162
5886
5850
0

0
164
162
5922
5850
0

0
165
162
5958
5850
0

0
102
140
3690
5058
0

0
166
162
5994
5850
0

0
113
152
4086
5490
0

0
113
140
4086
5058
0

0
114
152
4122
5490
0

0
114
140
4122
5058
0

0
115
152
4158
5490
0

0
115
140
4158
5058
0

0
116
152
4194
5490
0

0
116
140
4194
5058
0

0
117
152
4230
5490
0

0
117
140
4230
5058
0

0
118
152
4266
5490
0

0
118
140
4266
5058
0

0
119
152
4302
5490
0

0
119
140
4302
5058
0

0
120
152
4338
5490
0

0
120
140
4338
5058
0

0
121
152
4374
5490
0

0
121
140
4374
5058
0

0
112
140
4050
5058
0

0
111
140
4014
5058
0

0
110
140
3978
5058
0

0
109
140
3942
5058
0

0
108
140
3906
5058
0

0
107
140
3870
5058
0

0
106
140
3834
5058
0

0
105
140
3798
5058
0

0
104
140
3762
5058
0

0
103
140
3726
5058
0

0
101
140
3654
5058
0

0
100
140
3618
5058
0

0
99
140
3582
5058
0

0
98
140
3546
5058
0

0
97
140
3510
5058
0

0
96
140
3474
5058
0

0
95
140
3438
5058
0

0
94
140
3402
5058
0

0
93
140
3366
5058
0

0
92
140
3330
5058
0

0
91
140
3294
5058
0

0
90
140
3258
5058
0

0
89
140
3222
5058
0

0
88
140
3186
5058
0

0
87
140
3150
5058
0

0
86
140
3114
5058
0

0
85
140
3078
5058
0

0
84
140
3042
5058
0

0
83
140
3006
5058
0

0
82
140
2970
5058
0

0
81
140
2934
5058
0

0
