657
0
5742
5886
0

223
0
5778
5886
0

223
0
5814
5886
0

223
0
5850
5886
0

223
0
5886
5886
0

223
0
5922
5886
0

223
0
5958
5886
0

223
0
5994
5886
0

223
0
5706
5886
0

223
0
5670
5886
0

223
0
5634
5886
0

223
0
5598
5886
0

223
0
5562
5886
0

223
0
5526
5886
0

223
0
5490
5886
0

223
0
5454
5886
0

223
0
5418
5886
0

223
0
5382
5886
0

223
0
5346
5886
0

223
0
5310
5886
0

223
0
5274
5886
0

223
0
5238
5886
0

223
0
5202
5886
0

223
0
5166
5886
0

223
0
5130
5886
0

223
0
5094
5886
0

223
0
5058
5886
0

223
0
5022
5886
0

223
0
4986
5886
0

223
0
4950
5886
0

223
0
4914
5886
0

223
0
4878
5886
0

223
0
4842
5886
0

223
0
4806
5886
0

223
0
4770
5886
0

223
0
4734
5886
0

223
0
5994
5922
0

230
0
5958
5922
0

230
0
5922
5922
0

230
0
5886
5922
0

230
0
5850
5922
0

230
0
5814
5922
0

230
0
5778
5922
0

230
0
5742
5922
0

230
0
5706
5922
0

230
0
5670
5922
0

230
0
5634
5922
0

230
0
5598
5922
0

230
0
5562
5922
0

230
0
5526
5922
0

230
0
5490
5922
0

230
0
5454
5922
0

230
0
5418
5922
0

230
0
5382
5922
0

230
0
5346
5922
0

230
0
5310
5922
0

230
0
5274
5922
0

230
0
5238
5922
0

230
0
5202
5922
0

230
0
5166
5922
0

230
0
5130
5922
0

230
0
5094
5922
0

230
0
5058
5922
0

230
0
5022
5922
0

230
0
4986
5922
0

230
0
4950
5922
0

230
0
4914
5922
0

230
0
4878
5922
0

230
0
4842
5922
0

230
0
4806
5922
0

230
0
4770
5922
0

230
0
4734
5922
0

230
0
4986
5598
0

505
0
5706
5598
0

505
0
5742
5814
0

51
0
5706
5814
0

51
0
4662
5598
0

505
0
5778
5706
0

5
0
5778
5850
0

59
0
5742
5850
0

59
0
5706
5850
0

59
0
5922
5814
0

503
0
5814
5742
0

504
0
5094
5598
0

505
0
5202
5598
0

505
0
5310
5598
0

505
0
5634
5598
0

480
0
5742
5742
0

6
0
5922
5706
0

504
0
5922
5670
0

504
0
5922
5598
0

505
0
5526
5598
0

505
0
5814
5706
0

504
0
5922
5742
0

504
0
5778
5814
0

51
0
5814
5814
0

503
0
4878
5598
0

505
0
4770
5598
0

505
0
5778
5742
0

6
0
5742
5778
0

6
0
5778
5778
0

6
0
5814
5598
0

505
0
5922
5778
0

504
0
5706
5778
0

6
0
5742
5706
0

5
0
5418
5598
0

505
0
5706
5670
0

504
0
5706
5742
0

6
0
5814
5670
0

504
0
5814
5778
0

504
0
5706
5706
0

5
0
5526
5814
0

503
0
5418
5814
0

503
0
5310
5814
0

503
0
5202
5814
0

503
0
5094
5814
0

503
0
4986
5814
0

503
0
4878
5814
0

503
0
4770
5814
0

503
0
4662
5814
0

503
0
5526
5742
0

504
0
5418
5742
0

504
0
4662
5706
0

504
0
4662
5886
0

487
0
5094
5742
0

504
0
4986
5742
0

504
0
5526
5778
0

504
0
5418
5778
0

504
0
5310
5778
0

504
0
5202
5778
0

504
0
5094
5778
0

504
0
4986
5778
0

504
0
4878
5742
0

504
0
4878
5778
0

504
0
4770
5742
0

504
0
4770
5778
0

504
0
4662
5742
0

504
0
4662
5778
0

504
0
5526
5706
0

504
0
5526
5670
0

504
0
5418
5670
0

504
0
5418
5706
0

504
0
5310
5670
0

504
0
4590
5886
0

487
0
5202
5670
0

504
0
4662
5670
0

504
0
5094
5670
0

504
0
5094
5706
0

504
0
4986
5670
0

504
0
4986
5706
0

504
0
4878
5670
0

504
0
4878
5706
0

504
0
4770
5670
0

504
0
4770
5706
0

504
0
5202
5706
0

504
0
5202
5742
0

504
0
5310
5706
0

504
0
5310
5742
0

504
0
4554
5598
0

505
0
4446
5598
0

505
0
4554
5670
0

504
0
4446
5670
0

504
0
4446
5706
0

504
0
4554
5706
0

504
0
4446
5742
0

504
0
4554
5742
0

504
0
4446
5778
0

504
0
4554
5778
0

504
0
4554
5814
0

503
0
4446
5814
0

503
0
4518
5886
0

487
0
4446
5886
0

487
0
4374
5598
0

516
0
4518
5526
0

510
0
4446
5526
0

510
0
4374
5526
0

515
0
4590
5526
0

526
0
4662
5526
0

527
0
4770
5526
0

527
0
4878
5526
0

527
0
4986
5526
0

527
0
5094
5526
0

527
0
5202
5526
0

527
0
5310
5526
0

527
0
5418
5526
0

527
0
5526
5526
0

527
0
5634
5526
0

527
0
5742
5526
0

527
0
5850
5526
0

527
0
2934
4950
0

504
0
2934
4986
0

504
0
4266
5526
0

528
0
4158
5526
0

528
0
4050
5526
0

528
0
5346
5166
0

514
0
4374
5886
0

487
0
5382
5166
0

514
0
4194
5166
0

514
0
4230
5166
0

514
0
4266
5166
0

514
0
4302
5166
0

514
0
4338
5166
0

514
0
4374
5166
0

514
0
4410
5166
0

514
0
4446
5166
0

514
0
4482
5166
0

514
0
4518
5166
0

514
0
4554
5166
0

514
0
4590
5166
0

514
0
4626
5166
0

514
0
4662
5166
0

514
0
4698
5166
0

514
0
4734
5166
0

514
0
4770
5166
0

514
0
4806
5166
0

514
0
4842
5166
0

514
0
4878
5166
0

514
0
4914
5166
0

514
0
4950
5166
0

514
0
4986
5166
0

514
0
5022
5166
0

514
0
5058
5166
0

514
0
5094
5166
0

514
0
5130
5166
0

514
0
5166
5166
0

514
0
5202
5166
0

514
0
5238
5166
0

514
0
5274
5166
0

514
0
5310
5166
0

514
0
4050
5238
0

516
0
5094
5454
0

503
0
4230
5454
0

503
0
4446
5454
0

503
0
4554
5454
0

503
0
4662
5454
0

503
0
4122
5454
0

503
0
4986
5454
0

503
0
4338
5454
0

503
0
4770
5454
0

503
0
4878
5454
0

503
0
5202
5454
0

503
0
5310
5454
0

503
0
5418
5454
0

503
0
5310
5310
0

504
0
5454
5166
0

514
0
5418
5418
0

504
0
5202
5418
0

504
0
5418
5310
0

504
0
5418
5346
0

504
0
4122
5238
0

505
0
4230
5238
0

505
0
4338
5238
0

505
0
4446
5238
0

505
0
4554
5238
0

505
0
4662
5238
0

505
0
4770
5238
0

505
0
4878
5238
0

505
0
4986
5238
0

505
0
5094
5238
0

505
0
5202
5238
0

505
0
5310
5238
0

505
0
5418
5238
0

505
0
5310
5382
0

504
0
5310
5418
0

504
0
5310
5346
0

504
0
5418
5166
0

514
0
4050
5166
0

529
0
5418
5382
0

504
0
4122
5310
0

504
0
4122
5346
0

504
0
4122
5382
0

504
0
4122
5418
0

504
0
4230
5310
0

504
0
4230
5346
0

504
0
4230
5382
0

504
0
4230
5418
0

504
0
4338
5310
0

504
0
4338
5346
0

504
0
4338
5382
0

504
0
4338
5418
0

504
0
4446
5310
0

504
0
4446
5346
0

504
0
4446
5382
0

504
0
4446
5418
0

504
0
4554
5310
0

504
0
4554
5346
0

504
0
4554
5382
0

504
0
4554
5418
0

504
0
4662
5310
0

504
0
4662
5346
0

504
0
4662
5382
0

504
0
4662
5418
0

504
0
4770
5310
0

504
0
4770
5346
0

504
0
4770
5382
0

504
0
4770
5418
0

504
0
4878
5310
0

504
0
4878
5346
0

504
0
4878
5382
0

504
0
4878
5418
0

504
0
4986
5310
0

504
0
4986
5346
0

504
0
4986
5382
0

504
0
4986
5418
0

504
0
5094
5310
0

504
0
5094
5346
0

504
0
5094
5382
0

504
0
5094
5418
0

504
0
5202
5310
0

504
0
5202
5346
0

504
0
5202
5382
0

504
0
5490
5166
0

514
0
5490
5310
0

504
0
5490
5346
0

504
0
5490
5382
0

504
0
5490
5418
0

504
0
5490
5454
0

503
0
5598
5166
0

505
0
5706
5166
0

505
0
5598
5238
0

504
0
5706
5238
0

504
0
5598
5274
0

504
0
5706
5274
0

504
0
5598
5310
0

504
0
5598
5346
0

504
0
5598
5382
0

504
0
5706
5310
0

504
0
5706
5346
0

504
0
5706
5382
0

504
0
5706
5418
0

504
0
5598
5418
0

504
0
5598
5454
0

503
0
5706
5454
0

503
0
5814
5454
0

531
0
5814
5382
0

532
0
5814
5310
0

533
0
5814
5238
0

533
0
5814
5166
0

534
0
5814
5094
0

521
0
5814
4806
0

512
0
5814
4734
0

530
0
5742
4734
0

514
0
5778
4734
0

514
0
5706
4734
0

514
0
5634
4734
0

514
0
5598
4734
0

514
0
5562
4734
0

514
0
5526
4734
0

514
0
5670
4734
0

514
0
5490
4734
0

514
0
5454
4734
0

514
0
5418
4734
0

514
0
5382
4734
0

514
0
5346
4734
0

514
0
5310
4734
0

514
0
5274
4734
0

514
0
5238
4734
0

514
0
5202
4734
0

514
0
5166
4734
0

514
0
5130
4734
0

514
0
5094
4734
0

514
0
5058
4734
0

514
0
5022
4734
0

514
0
4986
4734
0

514
0
4950
4734
0

514
0
4914
4734
0

514
0
4878
4734
0

514
0
4842
4734
0

514
0
4806
4734
0

514
0
4770
4734
0

514
0
4734
4734
0

514
0
4698
4734
0

514
0
4662
4734
0

514
0
4626
4734
0

514
0
4590
4734
0

514
0
4554
4734
0

514
0
4518
4734
0

514
0
4482
4734
0

514
0
4446
4734
0

514
0
4410
4734
0

514
0
4374
4734
0

514
0
4338
4734
0

514
0
4302
4734
0

514
0
4266
4734
0

514
0
4230
4734
0

514
0
4194
4734
0

514
0
4158
4734
0

514
0
4122
4734
0

514
0
4086
4734
0

514
0
4050
4734
0

514
0
4014
4734
0

514
0
3978
4734
0

514
0
3942
4734
0

514
0
3906
4734
0

514
0
3870
4734
0

514
0
3834
4734
0

514
0
3798
4734
0

514
0
3762
4734
0

514
0
3726
4734
0

514
0
3690
4734
0

514
0
3654
4734
0

514
0
3618
4734
0

514
0
3582
4734
0

514
0
3546
4734
0

514
0
3510
4734
0

514
0
3474
4734
0

514
0
3438
4734
0

514
0
3402
4734
0

514
0
3366
4734
0

514
0
3330
4734
0

514
0
3294
4734
0

514
0
3258
4734
0

514
0
3222
4734
0

514
0
3186
4734
0

514
0
3150
4734
0

514
0
3114
4734
0

514
0
3078
4734
0

514
0
3042
4734
0

514
0
3006
4734
0

514
0
3114
4950
0

504
0
3114
4986
0

504
0
3006
4878
0

504
0
4266
4806
0

480
0
5706
5022
0

503
0
5598
5022
0

503
0
5490
5022
0

503
0
5382
5022
0

503
0
5274
5022
0

503
0
5166
5022
0

503
0
5058
5022
0

503
0
3006
4950
0

504
0
4842
5022
0

503
0
4734
5022
0

503
0
4626
5022
0

503
0
4518
5022
0

503
0
4410
5022
0

503
0
4302
5022
0

503
0
4194
5022
0

503
0
4086
5022
0

503
0
3978
5022
0

503
0
3870
5022
0

503
0
3762
5022
0

503
0
3654
5022
0

503
0
3546
5022
0

503
0
3438
5022
0

503
0
3330
5022
0

503
0
3222
5022
0

503
0
3114
5022
0

503
0
3006
5022
0

503
0
4950
4950
0

504
0
5454
5094
0

487
0
5382
5094
0

487
0
5310
5094
0

487
0
5238
5094
0

487
0
5166
5094
0

487
0
5094
5094
0

487
0
5022
5094
0

487
0
4950
5094
0

487
0
4878
5094
0

487
0
4806
5094
0

487
0
4734
5094
0

487
0
4662
5094
0

487
0
4590
5094
0

487
0
4518
5094
0

487
0
4446
5094
0

487
0
4374
5094
0

487
0
4302
5094
0

487
0
4230
5094
0

487
0
4158
5094
0

487
0
4086
5094
0

487
0
4014
5094
0

487
0
3942
5094
0

487
0
3870
5094
0

487
0
3798
5094
0

487
0
3726
5094
0

487
0
3654
5094
0

487
0
3582
5094
0

487
0
3510
5094
0

487
0
3438
5094
0

487
0
3366
5094
0

487
0
3294
5094
0

487
0
3222
5094
0

487
0
3150
5094
0

487
0
3078
5094
0

487
0
3006
5094
0

487
0
2934
5094
0

487
0
4950
4986
0

504
0
5706
4806
0

505
0
5598
4806
0

505
0
5490
4806
0

505
0
5382
4806
0

505
0
5274
4806
0

505
0
5166
4806
0

505
0
5058
4806
0

505
0
4950
4806
0

505
0
4842
4806
0

505
0
4734
4806
0

505
0
4626
4806
0

505
0
4518
4806
0

505
0
4410
4806
0

505
0
4302
4806
0

505
0
4194
4806
0

505
0
4086
4806
0

505
0
3978
4806
0

505
0
3870
4806
0

505
0
3762
4806
0

505
0
3654
4806
0

505
0
3546
4806
0

505
0
3438
4806
0

505
0
3330
4806
0

505
0
3222
4806
0

505
0
3114
4806
0

505
0
3006
4806
0

505
0
3006
4914
0

504
0
5706
4878
0

504
0
5706
4914
0

504
0
5706
4950
0

504
0
5706
4986
0

504
0
5598
4878
0

504
0
5598
4914
0

504
0
5598
4950
0

504
0
5598
4986
0

504
0
5490
4878
0

504
0
5490
4914
0

504
0
5490
4950
0

504
0
5490
4986
0

504
0
5382
4878
0

504
0
5382
4914
0

504
0
5382
4950
0

504
0
5382
4986
0

504
0
5274
4878
0

504
0
5274
4914
0

504
0
5274
4950
0

504
0
5274
4986
0

504
0
5166
4878
0

504
0
5166
4914
0

504
0
5166
4950
0

504
0
5166
4986
0

504
0
5058
4878
0

504
0
5058
4914
0

504
0
5058
4950
0

504
0
5058
4986
0

504
0
4950
4878
0

504
0
4950
4914
0

504
0
3006
4986
0

504
0
4950
5022
0

503
0
4842
4878
0

504
0
4842
4914
0

504
0
4842
4950
0

504
0
4842
4986
0

504
0
4734
4878
0

504
0
4734
4914
0

504
0
4734
4950
0

504
0
4734
4986
0

504
0
4626
4878
0

504
0
4626
4914
0

504
0
4626
4950
0

504
0
4626
4986
0

504
0
4518
4878
0

504
0
4518
4914
0

504
0
4518
4950
0

504
0
4518
4986
0

504
0
4410
4878
0

504
0
4410
4914
0

504
0
4410
4950
0

504
0
4410
4986
0

504
0
4302
4878
0

504
0
4302
4914
0

504
0
4302
4950
0

504
0
4302
4986
0

504
0
4194
4878
0

504
0
4194
4914
0

504
0
4194
4950
0

504
0
4194
4986
0

504
0
4086
4878
0

504
0
4086
4914
0

504
0
4086
4950
0

504
0
4086
4986
0

504
0
3978
4878
0

504
0
3978
4914
0

504
0
3978
4950
0

504
0
3978
4986
0

504
0
3870
4878
0

504
0
3870
4914
0

504
0
3870
4950
0

504
0
3870
4986
0

504
0
3762
4878
0

504
0
3762
4914
0

504
0
3762
4950
0

504
0
3762
4986
0

504
0
3654
4878
0

504
0
3654
4914
0

504
0
3654
4950
0

504
0
3654
4986
0

504
0
3546
4878
0

504
0
3546
4914
0

504
0
3546
4950
0

504
0
3546
4986
0

504
0
3438
4878
0

504
0
3438
4914
0

504
0
3438
4950
0

504
0
3438
4986
0

504
0
3330
4878
0

504
0
3330
4914
0

504
0
3330
4950
0

504
0
3330
4986
0

504
0
3222
4878
0

504
0
3222
4914
0

504
0
3222
4950
0

504
0
3222
4986
0

504
0
3114
4878
0

504
0
3114
4914
0

504
0
2970
4734
0

514
0
2934
4734
0

514
0
2934
5022
0

503
0
2934
4806
0

505
0
2934
4878
0

504
0
2934
4914
0

504
0
5922
5526
0

527
1
5166
5706
0

498
1
4806
5598
0

480
1
4950
5454
0

482
1
4122
5418
0

483
1
4338
5238
0

480
1
5166
5238
0

480
1
5058
5418
0

478
1
4590
5418
0

478
1
4122
5166
0

514
1
4158
5166
0

514
1
5742
5094
0

510
1
5526
5094
0

522
1
5598
5094
0

510
1
5670
5094
0

510
1
5526
5166
0

520
1
5562
5166
0

285
1
5490
5238
0

505
1
5418
4914
0

498
1
4698
4734
0

514
1
4950
4734
0

486
1
5166
5022
0

482
1
4770
4986
0

483
1
4626
4734
0

501
1
5382
4734
0

502
1
4518
5166
0

502
1
5346
5166
0

502
1
4914
5166
0

501
1
4194
5166
0

501
1
4374
4734
0

501
1
3834
4734
0

501
1
3654
4734
0

501
1
5382
5454
0

470
1
4482
5814
0

470
1
4482
5022
0

470
1
5778
5814
0

474
1
4698
5454
0

474
1
3942
4986
0

471
1
3330
5058
0

472
