1682
0
846
1998
0

239
0
882
1998
0

240
0
846
2034
0

256
0
882
2034
0

257
0
846
1962
0

233
0
846
2070
0

233
0
882
1962
0

233
0
882
2070
0

233
0
918
1962
0

234
0
918
1998
0

234
0
918
2034
0

234
0
954
1962
0

235
0
954
1998
0

235
0
954
2034
0

235
0
918
2070
0

251
0
954
2070
0

252
0
990
1962
0

198
0
1026
1962
0

199
0
990
1998
0

233
0
1026
1998
0

233
0
1026
2034
0

233
0
990
2034
0

233
0
990
2070
0

233
0
1026
2070
0

233
0
918
1926
0

216
0
954
1926
0

218
0
846
1926
0

216
0
882
1926
0

218
0
990
1926
0

216
0
1062
1926
0

216
0
1134
1926
0

216
0
1206
1926
0

216
0
1026
1926
0

218
0
1098
1926
0

218
0
1170
1926
0

218
0
1062
1962
0

316
0
1134
1962
0

318
0
1098
1962
0

317
0
1062
1998
0

55
0
1098
1998
0

56
0
1134
1998
0

57
0
1062
2034
0

81
0
1098
2034
0

82
0
1134
2034
0

84
0
1134
2070
0

107
0
1098
2070
0

106
0
1062
2070
0

104
0
1170
1962
0

198
0
1206
1962
0

199
0
1170
1998
0

203
0
1206
1998
0

203
0
1206
2034
0

203
0
1170
2034
0

203
0
1170
2070
0

203
0
1206
2070
0

203
0
846
2106
0

268
0
882
2106
0

268
0
918
2106
0

268
0
954
2106
0

268
0
990
2106
0

268
0
1026
2106
0

268
0
1062
2106
0

268
0
1098
2106
0

268
0
1134
2106
0

268
0
1170
2106
0

268
0
1206
2106
0

268
0
1278
1998
0

86
0
1278
2034
0

86
0
1278
2070
0

86
0
1278
2106
0

86
0
1242
1998
0

87
0
1242
2034
0

87
0
1242
2070
0

87
0
1242
2106
0

87
0
1278
1962
0

432
0
1242
1962
0

425
0
1242
1926
0

407
0
1242
1890
0

407
0
1278
1926
0

408
0
1278
1890
0

408
0
846
1890
0

333
0
918
1890
0

333
0
990
1890
0

333
0
1062
1890
0

333
0
1134
1890
0

333
0
1206
1890
0

333
0
882
1890
0

327
0
954
1890
0

327
0
1026
1890
0

327
0
1098
1890
0

327
0
1170
1890
0

327
0
1314
1962
0

225
0
1314
1998
0

225
0
1314
2034
0

225
0
1314
2070
0

225
0
1350
1962
0

243
0
1386
1962
0

244
0
1422
1962
0

245
0
1350
1998
0

261
0
1386
1998
0

262
0
1422
1998
0

263
0
1350
2034
0

280
0
1386
2034
0

281
0
1422
2034
0

282
0
1350
2070
0

233
0
1386
2070
0

233
0
1422
2070
0

233
0
1458
1962
0

233
0
1458
1998
0

233
0
1458
2034
0

233
0
1458
2070
0

233
0
1494
2070
0

233
0
1530
2070
0

233
0
1494
1962
0

231
0
1530
1962
0

232
0
1494
1998
0

241
0
1530
1998
0

242
0
1494
2034
0

238
0
1530
2034
0

255
0
1566
1962
0

204
0
1602
1962
0

205
0
1566
2070
0

251
0
1602
2070
0

252
0
1566
1998
0

234
0
1566
2034
0

234
0
1602
1998
0

235
0
1602
2034
0

235
0
1314
2106
0

287
0
1350
2106
0

287
0
1386
2106
0

287
0
1422
2106
0

287
0
1458
2106
0

287
0
1494
2106
0

287
0
1530
2106
0

287
0
1566
2106
0

287
0
1602
2106
0

287
0
1602
1926
0

218
0
1566
1926
0

216
0
1494
1926
0

216
0
1530
1926
0

218
0
1458
1926
0

218
0
1422
1890
0

336
0
1386
1890
0

337
0
1314
1890
0

337
0
1350
1890
0

336
0
1314
1854
0

412
0
1386
1854
0

412
0
1422
1854
0

413
0
1350
1854
0

413
0
1350
1926
0

18
0
1422
1926
0

18
0
1386
1926
0

18
0
1314
1926
0

18
0
1278
1854
0

326
0
1242
1854
0

357
0
1206
1854
0

358
0
1170
1854
0

357
0
1098
1854
0

357
0
1026
1854
0

357
0
1134
1854
0

358
0
990
1854
0

358
0
1062
1854
0

358
0
2538
2214
0

438
0
846
2142
0

357
0
918
2142
0

357
0
990
2142
0

357
0
1062
2142
0

357
0
1134
2142
0

357
0
1206
2142
0

357
0
1278
2142
0

357
0
1350
2142
0

357
0
1422
2142
0

357
0
1494
2142
0

357
0
1566
2142
0

357
0
1638
2142
0

357
0
882
2142
0

358
0
954
2142
0

358
0
1026
2142
0

358
0
1098
2142
0

358
0
1170
2142
0

358
0
1242
2142
0

358
0
1314
2142
0

358
0
1386
2142
0

358
0
1458
2142
0

358
0
1530
2142
0

358
0
1602
2142
0

358
0
1674
2142
0

358
0
1746
2214
0

426
0
1782
2250
0

426
0
1818
2286
0

426
0
1890
2358
0

426
0
1854
2322
0

426
0
1926
2394
0

426
0
1962
2430
0

426
0
1998
2466
0

426
0
2970
2466
0

357
0
2826
2466
0

357
0
2682
2466
0

357
0
3114
2466
0

357
0
2466
2466
0

357
0
2322
2466
0

357
0
2178
2466
0

357
0
2106
2466
0

357
0
1710
2214
0

351
0
1746
2250
0

351
0
1782
2286
0

351
0
1818
2322
0

351
0
1854
2358
0

351
0
1890
2394
0

351
0
1926
2430
0

351
0
1962
2466
0

351
0
2070
2502
0

355
0
2898
2466
0

357
0
2754
2466
0

357
0
2610
2466
0

357
0
2538
2466
0

357
0
2394
2466
0

357
0
2250
2466
0

357
0
3042
2466
0

357
0
1710
2142
0

412
0
1746
2142
0

412
0
1818
2142
0

412
0
1890
2142
0

412
0
1962
2142
0

412
0
2034
2142
0

412
0
2070
2142
0

413
0
1998
2142
0

413
0
1926
2142
0

413
0
1854
2142
0

413
0
1782
2142
0

413
0
2070
2178
0

336
0
1998
2178
0

336
0
1926
2178
0

336
0
1854
2178
0

336
0
1782
2178
0

336
0
1746
2178
0

337
0
1818
2178
0

337
0
1890
2178
0

337
0
1962
2178
0

337
0
2034
2178
0

337
0
1458
1890
0

381
0
1458
1854
0

325
0
1494
1854
0

421
0
1530
1854
0

417
0
1602
1854
0

417
0
1674
1854
0

417
0
1746
1854
0

417
0
1818
1854
0

417
0
1890
1854
0

417
0
1962
1854
0

417
0
2034
1854
0

417
0
2106
1854
0

417
0
2178
1854
0

417
0
2106
1890
0

333
0
2142
1854
0

421
0
2070
1854
0

421
0
1998
1854
0

421
0
1926
1854
0

421
0
1854
1854
0

421
0
1782
1854
0

421
0
1710
1854
0

421
0
1638
1854
0

421
0
1566
1854
0

421
0
1494
1890
0

327
0
1566
1890
0

327
0
1638
1890
0

327
0
1710
1890
0

327
0
1782
1890
0

327
0
1854
1890
0

327
0
1926
1890
0

327
0
1998
1890
0

327
0
2070
1890
0

327
0
2142
1890
0

327
0
2178
1890
0

333
0
1530
1890
0

333
0
1602
1890
0

333
0
1674
1890
0

333
0
1746
1890
0

333
0
1818
1890
0

333
0
1890
1890
0

333
0
1962
1890
0

333
0
2034
1890
0

333
0
2214
1854
0

326
0
2214
1890
0

383
0
1638
1926
0

297
0
1674
1926
0

297
0
1710
1926
0

297
0
1746
1926
0

297
0
1818
1926
0

297
0
1854
1926
0

297
0
1890
1926
0

297
0
1926
1926
0

297
0
1962
1926
0

297
0
1998
1926
0

297
0
2034
1926
0

297
0
2070
1926
0

297
0
2106
1926
0

297
0
2142
1926
0

297
0
2178
1926
0

297
0
1674
1962
0

309
0
1710
1962
0

309
0
1746
1962
0

309
0
1818
1962
0

309
0
1854
1962
0

309
0
1890
1962
0

309
0
1926
1962
0

309
0
1962
1962
0

309
0
1998
2034
0

73
0
2034
1962
0

309
0
1998
2070
0

73
0
2106
1962
0

309
0
2142
1962
0

309
0
2178
1962
0

309
0
1782
1926
0

302
0
1782
1962
0

313
0
1746
1998
0

21
0
1710
1998
0

21
0
1746
2034
0

21
0
1710
2034
0

21
0
1746
2070
0

21
0
1710
2070
0

21
0
1674
1998
0

21
0
1674
2034
0

21
0
1674
2070
0

21
0
1638
1998
0

43
0
1638
2034
0

43
0
1638
2070
0

43
0
1782
1998
0

28
0
1782
2034
0

52
0
1782
2070
0

313
0
1638
1962
0

308
0
1638
2106
0

90
0
1674
2106
0

91
0
1710
2106
0

92
0
1746
2106
0

93
0
1782
2106
0

98
0
1818
2106
0

91
0
1854
2106
0

91
0
1890
2106
0

91
0
1926
2106
0

91
0
1962
2106
0

91
0
2034
1998
0

26
0
2070
1998
0

27
0
1998
1998
0

25
0
2106
2106
0

91
0
2142
2106
0

91
0
2178
2106
0

91
0
1818
1998
0

20
0
1818
2034
0

20
0
1818
2070
0

20
0
1854
1998
0

20
0
1854
2034
0

20
0
1854
2070
0

20
0
1890
1998
0

20
0
1890
2034
0

20
0
1890
2070
0

20
0
1926
1998
0

20
0
1926
2034
0

20
0
1926
2070
0

20
0
1962
1998
0

20
0
1962
2034
0

20
0
1962
2070
0

20
0
2070
2034
0

74
0
2070
2070
0

74
0
2034
2034
0

50
0
2034
2070
0

50
0
1998
1962
0

310
0
2070
1962
0

312
0
1998
2106
0

73
0
2070
2106
0

74
0
2034
2106
0

50
0
2214
2034
0

75
0
2214
1998
0

75
0
2214
2070
0

75
0
2214
1926
0

75
0
2214
1962
0

75
0
2214
2106
0

98
0
2106
1998
0

68
0
2142
1998
0

68
0
2178
1998
0

68
0
2178
2034
0

68
0
2142
2034
0

68
0
2106
2034
0

68
0
2106
2070
0

68
0
2142
2070
0

68
0
2178
2070
0

68
0
2106
2178
0

381
0
2106
2142
0

325
0
2142
2142
0

357
0
2214
2142
0

357
0
2178
2142
0

358
0
2250
2142
0

358
0
2286
2142
0

357
0
2142
2178
0

327
0
2214
2178
0

327
0
2178
2178
0

333
0
2250
2178
0

332
0
2286
2178
0

333
0
2322
2178
0

388
0
2430
2178
0

388
0
2394
2178
0

399
0
2358
2178
0

393
0
2466
2214
0

407
0
2502
2214
0

408
0
2502
2250
0

408
0
2502
2286
0

432
0
2466
2286
0

425
0
2466
2250
0

407
0
2502
2178
0

395
0
2466
2178
0

394
0
2250
1890
0

337
0
2322
1890
0

337
0
2394
1890
0

337
0
2466
1890
0

337
0
2538
1890
0

337
0
2286
1890
0

336
0
2358
1890
0

336
0
2430
1890
0

336
0
2502
1890
0

336
0
2574
1890
0

336
0
2250
1854
0

414
0
2322
1854
0

414
0
2394
1854
0

414
0
2466
1854
0

414
0
2538
1854
0

414
0
2286
1854
0

415
0
2358
1854
0

415
0
2430
1854
0

415
0
2502
1854
0

415
0
2574
1854
0

415
0
2610
1854
0

414
0
2250
1926
0

235
0
2250
1962
0

235
0
2250
1998
0

235
0
2250
2034
0

235
0
2250
2070
0

235
0
2286
1926
0

225
0
2286
1962
0

225
0
2286
1998
0

225
0
2286
2034
0

225
0
2286
2070
0

225
0
2322
2070
0

225
0
2322
2034
0

225
0
2322
1998
0

225
0
2322
1962
0

225
0
2322
1926
0

225
0
2358
1926
0

225
0
2394
1926
0

225
0
2430
1926
0

225
0
2466
1926
0

225
0
2502
1926
0

225
0
2538
1926
0

225
0
2574
1926
0

225
0
2574
1962
0

225
0
2394
2106
0

268
0
2430
2106
0

268
0
2358
2106
0

268
0
2322
2106
0

268
0
2286
2106
0

268
0
2466
2070
0

225
0
2430
2070
0

225
0
2394
2070
0

225
0
2358
2070
0

225
0
2358
2034
0

225
0
2358
1998
0

225
0
2358
1962
0

225
0
2394
1962
0

225
0
2430
1962
0

225
0
2466
1962
0

225
0
2502
1962
0

225
0
2538
1962
0

225
0
2538
1998
0

225
0
2322
2142
0

354
0
2502
2034
0

225
0
2466
2034
0

225
0
2430
2034
0

225
0
2394
2034
0

225
0
2394
1998
0

225
0
2430
1998
0

225
0
2466
1998
0

225
0
2502
1998
0

225
0
2250
2106
0

268
0
2646
1854
0

417
0
2682
1854
0

421
0
2754
1854
0

421
0
2826
1854
0

421
0
2898
1854
0

421
0
3006
1854
0

421
0
3078
1854
0

421
0
3150
1854
0

421
0
3222
1854
0

421
0
3294
1854
0

421
0
2718
1854
0

417
0
2790
1854
0

417
0
2862
1854
0

417
0
2934
1854
0

417
0
2970
1854
0

417
0
3042
1854
0

417
0
3114
1854
0

417
0
3186
1854
0

417
0
3258
1854
0

417
0
2034
2214
0

198
0
2070
2214
0

199
0
2106
2214
0

200
0
1998
2214
0

197
0
2034
2250
0

220
0
2070
2250
0

221
0
2106
2250
0

222
0
1998
2250
0

219
0
2142
2250
0

223
0
2178
2250
0

224
0
1854
2214
0

201
0
1962
2250
0

228
0
1962
2214
0

228
0
2142
2214
0

201
0
2178
2214
0

202
0
1854
2250
0

201
0
1818
2250
0

201
0
1782
2214
0

201
0
1818
2214
0

201
0
1890
2214
0

209
0
1890
2250
0

209
0
1926
2250
0

209
0
1926
2214
0

209
0
2214
2214
0

209
0
2214
2250
0

209
0
2358
2250
0

221
0
2394
2250
0

222
0
2430
2250
0

223
0
2286
2250
0

219
0
2322
2250
0

220
0
2358
2214
0

199
0
2394
2214
0

200
0
2430
2214
0

201
0
2322
2214
0

198
0
2286
2214
0

197
0
2250
2214
0

228
0
2250
2250
0

228
0
1854
2286
0

225
0
1890
2286
0

225
0
1926
2286
0

225
0
1962
2286
0

225
0
1998
2286
0

225
0
2034
2286
0

225
0
2070
2286
0

225
0
2106
2286
0

225
0
2142
2286
0

225
0
1890
2322
0

225
0
1926
2322
0

225
0
1962
2322
0

225
0
1998
2322
0

225
0
2034
2322
0

225
0
2070
2322
0

225
0
2106
2322
0

225
0
2142
2322
0

225
0
2142
2358
0

225
0
2106
2358
0

225
0
2070
2358
0

225
0
2034
2358
0

225
0
1998
2358
0

225
0
1962
2358
0

225
0
1926
2358
0

225
0
1962
2394
0

225
0
1998
2394
0

225
0
2034
2394
0

225
0
2070
2394
0

225
0
2106
2394
0

225
0
2142
2394
0

225
0
2502
2358
0

65
0
2502
2394
0

65
0
2502
2430
0

65
0
2286
2286
0

225
0
2322
2286
0

225
0
2358
2286
0

225
0
2394
2286
0

225
0
2430
2286
0

225
0
2430
2322
0

225
0
2430
2358
0

225
0
2430
2394
0

225
0
2394
2394
0

225
0
2358
2394
0

225
0
2322
2394
0

225
0
2286
2394
0

225
0
2322
2430
0

268
0
2358
2430
0

268
0
2394
2430
0

268
0
2430
2430
0

270
0
2466
2322
0

64
0
2466
2358
0

64
0
2286
2358
0

225
0
2322
2358
0

225
0
2358
2358
0

225
0
2394
2358
0

225
0
2394
2322
0

225
0
2358
2322
0

225
0
2322
2322
0

225
0
2286
2322
0

225
0
2466
2394
0

64
0
2466
2430
0

64
0
2502
2322
0

65
0
1998
2430
0

271
0
2034
2430
0

268
0
2070
2430
0

268
0
2106
2430
0

268
0
2142
2430
0

268
0
2286
2430
0

268
0
2178
2358
0

58
0
2178
2430
0

81
0
2214
2430
0

82
0
2250
2394
0

84
0
2250
2430
0

84
0
2214
2358
0

60
0
2250
2358
0

61
0
2178
2394
0

81
0
2214
2394
0

82
0
2250
2322
0

37
0
2250
2286
0

37
0
2178
2322
0

34
0
2178
2286
0

34
0
2214
2322
0

32
0
2214
2286
0

32
0
2034
2466
0

357
0
2070
2466
0

358
0
2142
2466
0

358
0
2214
2466
0

358
0
2286
2466
0

358
0
2358
2466
0

358
0
2430
2466
0

358
0
2502
2466
0

358
0
2574
2466
0

358
0
2646
2466
0

358
0
2718
2466
0

358
0
2790
2466
0

358
0
2862
2466
0

358
0
2934
2466
0

358
0
3006
2466
0

358
0
3078
2466
0

358
0
3150
2466
0

358
0
3222
2466
0

358
0
3294
2466
0

358
0
3366
2466
0

358
0
3438
2466
0

358
0
3510
2466
0

358
0
3222
2178
0

393
0
3294
2178
0

393
0
3366
2178
0

393
0
3438
2178
0

393
0
3510
2178
0

393
0
2142
2502
0

355
0
2538
2178
0

393
0
2646
2178
0

393
0
2574
2178
0

393
0
2610
2178
0

393
0
3546
2178
0

393
0
3474
2178
0

393
0
3402
2178
0

393
0
3330
2178
0

393
0
3258
2178
0

393
0
3546
2466
0

357
0
3474
2466
0

357
0
3402
2466
0

357
0
3330
2466
0

357
0
3258
2466
0

357
0
3186
2466
0

357
0
2034
2502
0

351
0
2106
2502
0

351
0
2178
2502
0

351
0
2250
2502
0

351
0
2322
2502
0

351
0
2394
2502
0

351
0
2466
2502
0

351
0
2538
2502
0

351
0
2610
2502
0

351
0
2682
2502
0

351
0
2754
2502
0

351
0
2826
2502
0

351
0
2898
2502
0

351
0
2970
2502
0

351
0
3042
2502
0

351
0
3114
2502
0

351
0
3186
2502
0

351
0
3258
2502
0

351
0
3330
2502
0

351
0
3402
2502
0

351
0
3474
2502
0

351
0
3546
2502
0

351
0
3186
2178
0

393
0
3078
2178
0

393
0
3006
2178
0

393
0
2934
2178
0

393
0
2862
2178
0

393
0
2790
2178
0

393
0
2718
2178
0

393
0
2682
2178
0

393
0
2754
2178
0

393
0
2826
2178
0

393
0
2898
2178
0

393
0
2970
2178
0

393
0
3042
2178
0

393
0
3114
2178
0

393
0
3150
2178
0

393
0
3510
2502
0

355
0
3438
2502
0

355
0
3366
2502
0

355
0
3294
2502
0

355
0
3222
2502
0

355
0
3150
2502
0

355
0
3078
2502
0

355
0
3006
2502
0

355
0
2934
2502
0

355
0
2862
2502
0

355
0
2790
2502
0

355
0
2718
2502
0

355
0
2646
2502
0

355
0
2574
2502
0

355
0
2502
2502
0

355
0
2430
2502
0

355
0
2358
2502
0

355
0
2286
2502
0

355
0
2214
2502
0

355
0
3582
2394
0

64
0
3618
2214
0

410
0
3618
2250
0

410
0
3582
2430
0

64
0
3582
2214
0

409
0
3582
2250
0

409
0
3582
2286
0

372
0
3618
2286
0

371
0
3618
2322
0

63
0
3618
2358
0

63
0
3618
2394
0

63
0
3618
2430
0

63
0
3582
2322
0

64
0
3582
2358
0

64
0
3582
2178
0

330
0
3618
2178
0

331
0
3654
2214
0

296
0
3690
2214
0

297
0
3726
2214
0

297
0
3762
2214
0

297
0
3798
2214
0

297
0
3834
2214
0

297
0
3870
2214
0

297
0
3906
2214
0

297
0
3942
2214
0

297
0
3978
2214
0

297
0
4014
2214
0

297
0
4050
2214
0

297
0
4086
2214
0

297
0
4122
2214
0

297
0
4086
2430
0

50
0
4050
2430
0

50
0
4230
2214
0

304
0
3654
2250
0

309
0
3690
2250
0

309
0
3726
2250
0

309
0
3762
2250
0

309
0
3798
2394
0

313
0
3726
2394
0

22
0
3690
2394
0

22
0
3726
2358
0

22
0
3690
2358
0

22
0
3654
2286
0

19
0
3654
2358
0

19
0
3654
2394
0

19
0
3798
2322
0

28
0
3654
2322
0

19
0
3690
2286
0

22
0
3726
2286
0

22
0
3798
2358
0

313
0
3690
2322
0

22
0
3726
2322
0

21
0
3762
2286
0

21
0
3762
2322
0

21
0
3762
2358
0

21
0
3762
2394
0

21
0
3798
2286
0

313
0
3798
2250
0

302
0
3654
2430
0

90
0
3690
2430
0

91
0
3726
2430
0

92
0
3762
2430
0

93
0
3798
2430
0

98
0
3834
2430
0

91
0
3870
2430
0

91
0
3906
2430
0

91
0
3942
2430
0

91
0
3978
2430
0

91
0
4050
2394
0

50
0
4230
2430
0

91
0
4086
2394
0

50
0
4086
2358
0

50
0
4014
2430
0

100
0
4194
2430
0

91
0
3834
2250
0

311
0
3870
2250
0

311
0
3906
2250
0

311
0
3942
2250
0

311
0
3978
2250
0

311
0
4014
2250
0

312
0
3834
2286
0

44
0
3834
2322
0

44
0
3834
2358
0

44
0
3834
2394
0

44
0
3870
2394
0

44
0
3870
2358
0

44
0
3870
2322
0

44
0
3870
2286
0

44
0
3906
2286
0

44
0
3906
2322
0

44
0
3906
2358
0

44
0
3906
2394
0

44
0
3942
2394
0

44
0
3942
2358
0

44
0
3942
2322
0

44
0
3942
2286
0

44
0
3978
2286
0

44
0
3978
2322
0

44
0
3978
2358
0

44
0
3978
2394
0

44
0
4014
2394
0

97
0
4014
2322
0

97
0
4014
2358
0

97
0
4014
2286
0

97
0
4050
2250
0

311
0
4086
2250
0

311
0
4122
2250
0

312
0
4122
2286
0

97
0
4122
2322
0

97
0
4194
2358
0

47
0
4122
2394
0

97
0
4050
2286
0

50
0
4086
2286
0

50
0
4086
2322
0

50
0
4050
2322
0

50
0
4050
2358
0

50
0
4158
2430
0

90
0
4122
2430
0

74
0
4158
2214
0

301
0
4194
2214
0

301
0
4158
2250
0

311
0
4194
2250
0

311
0
4266
2214
0

298
0
4266
2250
0

30
0
4266
2286
0

30
0
4266
2322
0

30
0
4266
2358
0

30
0
4266
2394
0

30
0
4230
2322
0

48
0
4230
2358
0

48
0
4230
2286
0

48
0
4194
2322
0

47
0
4230
2394
0

72
0
4194
2394
0

71
0
4158
2394
0

70
0
4158
2358
0

70
0
4158
2322
0

70
0
4158
2286
0

70
0
4194
2286
0

47
0
4230
2250
0

312
0
4122
2358
0

97
0
4266
2430
0

100
0
3582
2466
0

358
0
3654
2466
0

358
0
3726
2466
0

358
0
3798
2466
0

358
0
3870
2466
0

358
0
3942
2466
0

358
0
4014
2466
0

358
0
4086
2466
0

358
0
4158
2466
0

358
0
4230
2466
0

358
0
4302
2466
0

358
0
4374
2466
0

358
0
4446
2466
0

358
0
4518
2466
0

358
0
4590
2466
0

358
0
4950
2142
0

419
0
4518
2214
0

209
0
4554
2214
0

210
0
4518
2250
0

229
0
4842
2250
0

229
0
4806
2214
0

209
0
4518
2322
0

240
0
3618
2466
0

357
0
3690
2466
0

357
0
3762
2466
0

357
0
3834
2466
0

357
0
3906
2466
0

357
0
3978
2466
0

357
0
4050
2466
0

357
0
4122
2466
0

357
0
4194
2466
0

357
0
4266
2466
0

357
0
4338
2466
0

357
0
4410
2466
0

357
0
4482
2466
0

357
0
4554
2466
0

357
0
4626
2466
0

357
0
4446
2214
0

209
0
4734
2250
0

222
0
4698
2214
0

199
0
4590
2250
0

229
0
4338
2214
0

198
0
4518
2358
0

257
0
3654
2502
0

347
0
3726
2502
0

347
0
3798
2502
0

347
0
3870
2502
0

347
0
3942
2502
0

347
0
4014
2502
0

347
0
4086
2502
0

347
0
4158
2502
0

347
0
4230
2502
0

347
0
4302
2502
0

347
0
4374
2502
0

347
0
4446
2502
0

347
0
4518
2502
0

347
0
4590
2502
0

347
0
4662
2502
0

347
0
4734
2214
0

200
0
4626
2250
0

219
0
4482
2250
0

229
0
4878
2250
0

229
0
4302
2214
0

197
0
4842
2214
0

209
0
3618
2502
0

351
0
3690
2502
0

351
0
3762
2502
0

351
0
3834
2502
0

351
0
3906
2502
0

351
0
3978
2502
0

351
0
4050
2502
0

351
0
4122
2502
0

351
0
4194
2502
0

351
0
4266
2502
0

351
0
4338
2502
0

351
0
4410
2502
0

351
0
4482
2502
0

351
0
4554
2502
0

351
0
4626
2502
0

351
0
4302
2250
0

219
0
4482
2214
0

210
0
4662
2214
0

198
0
4770
2250
0

229
0
4374
2214
0

199
0
3582
2502
0

347
0
4914
2214
0

209
0
3654
2178
0

333
0
3726
2178
0

333
0
3798
2178
0

333
0
3870
2178
0

333
0
3942
2178
0

333
0
3690
2178
0

327
0
3762
2178
0

327
0
3834
2178
0

327
0
3906
2178
0

327
0
3978
2178
0

327
0
4014
2178
0

383
0
4014
2142
0

326
0
3978
2142
0

423
0
3906
2142
0

423
0
3834
2142
0

423
0
3762
2142
0

423
0
3690
2142
0

423
0
3942
2142
0

421
0
3870
2142
0

421
0
3798
2142
0

421
0
3726
2142
0

421
0
4050
2178
0

429
0
4122
2178
0

429
0
4086
2178
0

428
0
4158
2178
0

428
0
4050
2142
0

418
0
4122
2142
0

418
0
4086
2142
0

419
0
4158
2142
0

419
0
4302
2430
0

290
0
4338
2430
0

290
0
4374
2430
0

290
0
4410
2430
0

290
0
4446
2430
0

290
0
4482
2430
0

290
0
4518
2430
0

290
0
4554
2430
0

290
0
4590
2430
0

290
0
4626
2430
0

290
0
4662
2430
0

290
0
4698
2430
0

290
0
4662
2250
0

220
0
4590
2214
0

209
0
4698
2250
0

221
0
4446
2250
0

229
0
4626
2214
0

197
0
4554
2250
0

229
0
4806
2250
0

229
0
4410
2214
0

200
0
4770
2214
0

209
0
4878
2214
0

209
0
4410
2358
0

225
0
4302
2286
0

235
0
4302
2322
0

235
0
4302
2358
0

235
0
4302
2394
0

235
0
4338
2286
0

233
0
4338
2322
0

233
0
4338
2358
0

233
0
4338
2394
0

233
0
4374
2394
0

233
0
4374
2358
0

233
0
4374
2322
0

233
0
4590
2322
0

238
0
4410
2286
0

233
0
4518
2394
0

233
0
4554
2394
0

233
0
4410
2394
0

233
0
4446
2394
0

233
0
4482
2394
0

233
0
4446
2286
0

233
0
4482
2286
0

233
0
4518
2286
0

233
0
4554
2286
0

233
0
4590
2286
0

233
0
4626
2286
0

233
0
4662
2286
0

233
0
4698
2286
0

233
0
4734
2286
0

233
0
4770
2286
0

233
0
4806
2286
0

233
0
4806
2322
0

233
0
4374
2286
0

238
0
4734
2394
0

233
0
4698
2322
0

233
0
4662
2322
0

233
0
4626
2322
0

233
0
4410
2322
0

238
0
4554
2322
0

233
0
4662
2394
0

233
0
4590
2394
0

233
0
4446
2322
0

233
0
4446
2358
0

233
0
4626
2394
0

233
0
4698
2394
0

233
0
4554
2358
0

233
0
4590
2358
0

233
0
4626
2358
0

233
0
4662
2358
0

233
0
4698
2358
0

233
0
4734
2358
0

233
0
4770
2358
0

233
0
4338
2250
0

220
0
4374
2250
0

221
0
4410
2250
0

222
0
4734
2322
0

255
0
4770
2322
0

255
0
4482
2322
0

239
0
4482
2358
0

256
0
4734
2430
0

347
0
4770
2394
0

347
0
4806
2358
0

347
0
4842
2322
0

347
0
4878
2286
0

347
0
4914
2250
0

347
0
4950
2214
0

347
0
4878
2178
0

429
0
4662
2466
0

346
0
4194
2142
0

325
0
4194
2178
0

381
0
4230
2142
0

358
0
4302
2142
0

358
0
4374
2142
0

358
0
4446
2142
0

358
0
4518
2142
0

358
0
4590
2142
0

358
0
4266
2142
0

357
0
4338
2142
0

357
0
4410
2142
0

357
0
4482
2142
0

357
0
4554
2142
0

357
0
4626
2142
0

326
0
4626
2178
0

383
0
4554
2178
0

393
0
4266
2178
0

393
0
4302
2178
0

393
0
4338
2178
0

393
0
4374
2178
0

393
0
4410
2178
0

393
0
4446
2178
0

393
0
4482
2178
0

393
0
4518
2178
0

393
0
4230
2178
0

388
0
4590
2178
0

399
0
4662
2142
0

418
0
4734
2142
0

418
0
4806
2142
0

418
0
4878
2142
0

418
0
4806
2178
0

429
0
4914
2142
0

419
0
4842
2142
0

419
0
4770
2142
0

419
0
4698
2142
0

419
0
4698
2178
0

428
0
4770
2178
0

428
0
4842
2178
0

428
0
4914
2178
0

428
0
4662
2178
0

429
0
4734
2178
0

429
0
5346
2142
0

421
0
5022
2178
0

377
0
5094
2178
0

377
0
5166
2178
0

377
0
5238
2178
0

377
0
5310
2178
0

377
0
5346
2178
0

376
0
5274
2178
0

376
0
5202
2178
0

376
0
5130
2178
0

376
0
5058
2178
0

376
0
5022
2142
0

417
0
5094
2142
0

417
0
5166
2142
0

417
0
5238
2142
0

417
0
5310
2142
0

417
0
5058
2142
0

421
0
5130
2142
0

421
0
5202
2142
0

421
0
5274
2142
0

421
0
4986
2178
0

367
0
5346
2106
0

287
0
5310
2106
0

287
0
5274
2106
0

287
0
5238
2106
0

287
0
5202
2106
0

287
0
5166
2106
0

287
0
5130
2106
0

287
0
5094
2106
0

287
0
5058
2106
0

287
0
5022
2106
0

287
0
4986
2106
0

287
0
4950
2106
0

287
0
4914
2106
0

287
0
4878
2106
0

287
0
4842
2106
0

287
0
4806
2106
0

287
0
4770
2106
0

287
0
4734
2106
0

287
0
4698
2106
0

287
0
4662
2106
0

287
0
4626
2106
0

287
0
4590
2106
0

287
0
4554
2106
0

287
0
4554
2070
0

233
0
4590
2070
0

233
0
4446
2106
0

287
0
4410
2106
0

287
0
4374
2106
0

287
0
4338
2106
0

287
0
4302
2106
0

287
0
4266
2106
0

287
0
4230
2106
0

287
0
4194
2106
0

287
0
5346
2070
0

233
0
5310
2070
0

233
0
5274
2070
0

233
0
5238
2070
0

233
0
5202
2070
0

233
0
5166
2070
0

233
0
5130
2070
0

233
0
5094
2070
0

233
0
5058
2070
0

233
0
5022
2070
0

233
0
4986
2070
0

233
0
4950
2070
0

233
0
4914
2070
0

233
0
4878
2070
0

233
0
4842
2070
0

233
0
4806
2070
0

233
0
4770
2070
0

233
0
4734
2070
0

233
0
4698
2070
0

233
0
4662
2070
0

233
0
4626
2070
0

233
0
5346
2034
0

233
0
5310
2034
0

233
0
5274
2034
0

233
0
5238
2034
0

233
0
5202
2034
0

233
0
5166
2034
0

233
0
5130
2034
0

233
0
5094
2034
0

233
0
5058
2034
0

233
0
5022
2034
0

233
0
4986
2034
0

233
0
4950
2034
0

233
0
4914
2034
0

233
0
4878
2034
0

233
0
4842
2034
0

233
0
4806
2034
0

233
0
4770
2034
0

233
0
4734
2034
0

233
0
4698
2034
0

233
0
4662
2034
0

233
0
4626
2034
0

233
0
4590
2034
0

233
0
4554
2034
0

233
0
4554
1998
0

233
0
4590
1998
0

233
0
4626
1998
0

233
0
4662
1998
0

233
0
4698
1998
0

233
0
4734
1998
0

233
0
4770
1998
0

233
0
4806
1998
0

233
0
4842
1998
0

233
0
4878
1998
0

233
0
4914
1998
0

233
0
4950
1998
0

233
0
4986
1998
0

233
0
5022
1998
0

233
0
5058
1998
0

233
0
5094
1998
0

233
0
5130
1998
0

233
0
5166
1998
0

233
0
5202
1998
0

233
0
5238
1998
0

233
0
5274
1998
0

233
0
5310
1998
0

233
0
5346
1998
0

233
0
4050
1962
0

225
0
4086
1962
0

225
0
4122
1962
0

225
0
4158
1962
0

225
0
4194
1962
0

225
0
4230
1962
0

225
0
4266
1962
0

225
0
4302
1962
0

225
0
4338
1962
0

225
0
5022
1962
0

233
0
4986
1962
0

233
0
4950
1962
0

233
0
5346
1962
0

225
0
5310
1962
0

225
0
5274
1962
0

225
0
5238
1962
0

225
0
5202
1962
0

225
0
5166
1962
0

225
0
5130
1962
0

225
0
5094
1962
0

225
0
5058
1962
0

225
0
4374
1962
0

225
0
4410
1962
0

225
0
5310
1926
0

12
0
5346
1926
0

13
0
5238
1926
0

13
0
5166
1926
0

13
0
5094
1926
0

13
0
5022
1926
0

13
0
4950
1926
0

13
0
4878
1926
0

13
0
4806
1926
0

13
0
4734
1926
0

13
0
4662
1926
0

13
0
4590
1926
0

13
0
4482
2106
0

87
0
4446
1926
0

13
0
4374
1926
0

13
0
4302
1926
0

13
0
4230
1926
0

13
0
4158
1926
0

13
0
4086
1926
0

13
0
4014
1926
0

13
0
3942
1926
0

13
0
3870
1926
0

13
0
3798
1926
0

13
0
3618
1998
0

233
0
4158
2106
0

268
0
4014
2106
0

268
0
3978
1998
0

267
0
3978
2034
0

286
0
3978
1962
0

249
0
3942
1962
0

248
0
4014
1962
0

250
0
3546
1926
0

203
0
3942
2106
0

268
0
4086
2106
0

268
0
3618
2034
0

233
0
3762
1926
0

12
0
3834
1926
0

12
0
3906
1926
0

12
0
3978
1926
0

12
0
4050
1926
0

12
0
4122
1926
0

12
0
4194
1926
0

12
0
4266
1926
0

12
0
4338
1926
0

12
0
4410
1926
0

12
0
4482
2070
0

87
0
4554
1926
0

12
0
4626
1926
0

12
0
4698
1926
0

12
0
4770
1926
0

12
0
4842
1926
0

12
0
4914
1926
0

12
0
4986
1926
0

12
0
5058
1926
0

12
0
5130
1926
0

12
0
5202
1926
0

12
0
5274
1926
0

12
0
4518
2106
0

86
0
4518
2070
0

86
0
4518
2034
0

86
0
4518
1998
0

86
0
4482
1998
0

87
0
4482
2034
0

87
0
4518
1962
0

432
0
4518
1926
0

410
0
4482
1962
0

425
0
4482
1926
0

407
0
4482
1890
0

389
0
4518
1890
0

390
0
5346
1890
0

327
0
5274
1890
0

327
0
5202
1890
0

327
0
5130
1890
0

327
0
5058
1890
0

327
0
4986
1890
0

327
0
4914
1890
0

327
0
4842
1890
0

327
0
4770
1890
0

327
0
4698
1890
0

327
0
4626
1890
0

327
0
4554
1890
0

327
0
5310
1890
0

333
0
5238
1890
0

333
0
5166
1890
0

333
0
5094
1890
0

333
0
5022
1890
0

333
0
4950
1890
0

333
0
4878
1890
0

333
0
4806
1890
0

333
0
4734
1890
0

333
0
4662
1890
0

333
0
4590
1890
0

333
0
4410
1890
0

333
0
4338
1890
0

333
0
4266
1890
0

333
0
4194
1890
0

333
0
4122
1890
0

333
0
4050
1890
0

333
0
3978
1890
0

333
0
3906
1890
0

333
0
3834
1890
0

333
0
3654
2070
0

233
0
3618
2070
0

233
0
4050
2106
0

268
0
3942
1998
0

266
0
3582
2034
0

233
0
3942
2034
0

285
0
3582
1926
0

203
0
4014
1998
0

269
0
3978
2106
0

268
0
4122
2106
0

268
0
3438
1854
0

419
0
3798
1890
0

327
0
3870
1890
0

327
0
3942
1890
0

327
0
4014
1890
0

327
0
4086
1890
0

327
0
4158
1890
0

327
0
4230
1890
0

327
0
4302
1890
0

327
0
4374
1890
0

327
0
4446
1890
0

327
0
3510
1854
0

419
0
3582
1854
0

419
0
3654
1854
0

419
0
3474
1962
0

225
0
3510
1962
0

225
0
3546
1962
0

225
0
3582
1962
0

225
0
3618
1962
0

225
0
4266
2034
0

293
0
4230
2034
0

292
0
4194
2034
0

291
0
3762
1962
0

225
0
3798
1962
0

225
0
3834
1962
0

225
0
3870
1962
0

225
0
3906
1962
0

225
0
3654
1962
0

225
0
3690
1962
0

225
0
3726
1962
0

225
0
3582
1998
0

233
0
3546
1998
0

233
0
3510
1926
0

203
0
3474
1926
0

203
0
4446
1998
0

233
0
4410
1998
0

233
0
4374
1998
0

233
0
4338
1998
0

233
0
4302
1998
0

233
0
4014
2034
0

288
0
3726
2106
0

268
0
3762
2106
0

268
0
4158
1998
0

233
0
4122
1998
0

233
0
4086
1998
0

233
0
4050
1998
0

233
0
4266
1998
0

274
0
4230
1998
0

273
0
4194
1998
0

272
0
3906
1998
0

233
0
3870
1998
0

233
0
3834
1998
0

233
0
3798
1998
0

233
0
3762
1998
0

233
0
3726
1998
0

233
0
3690
1998
0

233
0
3654
1998
0

233
0
3654
2034
0

233
0
3690
2034
0

233
0
3726
2034
0

233
0
3762
2034
0

233
0
3798
2034
0

233
0
3834
2034
0

233
0
3870
2034
0

233
0
3906
2034
0

233
0
3834
2106
0

268
0
3870
2106
0

268
0
3906
2106
0

268
0
4050
2034
0

233
0
4086
2034
0

233
0
4122
2034
0

233
0
4158
2034
0

233
0
3798
2106
0

268
0
3690
2106
0

268
0
3654
2106
0

268
0
4302
2034
0

233
0
4338
2034
0

233
0
4374
2034
0

233
0
4410
2034
0

233
0
4446
2034
0

233
0
4446
2070
0

233
0
4410
2070
0

233
0
4374
2070
0

233
0
4338
2070
0

233
0
4302
2070
0

233
0
4266
2070
0

233
0
4230
2070
0

233
0
4194
2070
0

233
0
4158
2070
0

233
0
4122
2070
0

233
0
4086
2070
0

233
0
4050
2070
0

233
0
4014
2070
0

233
0
3978
2070
0

233
0
3942
2070
0

233
0
3906
2070
0

233
0
3870
2070
0

233
0
3834
2070
0

233
0
3798
2070
0

233
0
3762
2070
0

233
0
3726
2070
0

233
0
3690
2070
0

233
0
3762
1890
0

381
0
3762
1854
0

325
0
3798
1854
0

421
0
3834
1854
0

417
0
3906
1854
0

417
0
3978
1854
0

417
0
4050
1854
0

417
0
4122
1854
0

417
0
4194
1854
0

417
0
4266
1854
0

417
0
4338
1854
0

417
0
4410
1854
0

417
0
4482
1854
0

417
0
4554
1854
0

417
0
4626
1854
0

417
0
4698
1854
0

417
0
4770
1854
0

417
0
4842
1854
0

417
0
4914
1854
0

417
0
4986
1854
0

417
0
5058
1854
0

417
0
5130
1854
0

417
0
5202
1854
0

417
0
5274
1854
0

417
0
5346
1854
0

417
0
5310
1854
0

421
0
5238
1854
0

421
0
5166
1854
0

421
0
5094
1854
0

421
0
5022
1854
0

421
0
4950
1854
0

421
0
4878
1854
0

421
0
4806
1854
0

421
0
4734
1854
0

421
0
4662
1854
0

421
0
4590
1854
0

421
0
4518
1854
0

421
0
4446
1854
0

421
0
4374
1854
0

421
0
4302
1854
0

421
0
4230
1854
0

421
0
4158
1854
0

421
0
4086
1854
0

421
0
4014
1854
0

421
0
3942
1854
0

421
0
3870
1854
0

421
0
3618
1926
0

203
0
3654
1926
0

203
0
3726
1926
0

203
0
3690
1926
0

203
0
3726
1854
0

419
0
3690
1854
0

418
0
3618
1854
0

418
0
3546
1854
0

418
0
3726
1890
0

428
0
3654
1890
0

428
0
3582
1890
0

428
0
3510
1890
0

428
0
3438
1890
0

428
0
3474
1890
0

429
0
3546
1890
0

429
0
3618
1890
0

429
0
3690
1890
0

429
0
3474
1854
0

418
0
3402
1854
0

418
0
4446
1962
0

225
0
4554
1962
0

225
0
4590
1962
0

225
0
4626
1962
0

225
0
4662
1962
0

225
0
4698
1962
0

225
0
4734
1962
0

225
0
4770
1962
0

225
0
4806
1962
0

225
0
4842
1962
0

225
0
4878
1962
0

225
0
4914
1962
0

225
1
1710
2142
0

343
1
1746
2178
0

343
1
1782
2214
0

343
1
1818
2250
0

343
1
1854
2286
0

343
1
1890
2322
0

343
1
1926
2358
0

343
1
1962
2394
0

343
1
1998
2430
0

343
1
2826
1890
0

366
1
2034
2466
0

343
1
2898
1890
0

366
1
2970
1890
0

366
1
3042
1890
0

366
1
3114
1890
0

366
1
3186
1890
0

366
1
3258
1890
0

366
1
3294
1890
0

365
1
882
2178
0

327
1
954
2178
0

327
1
1026
2178
0

327
1
1098
2178
0

327
1
1170
2178
0

327
1
1242
2178
0

327
1
1314
2178
0

327
1
1386
2178
0

327
1
1458
2178
0

327
1
1530
2178
0

327
1
1602
2178
0

327
1
1674
2178
0

327
1
846
2178
0

333
1
918
2178
0

333
1
990
2178
0

333
1
1062
2178
0

333
1
1134
2178
0

333
1
1206
2178
0

333
1
1278
2178
0

333
1
1350
2178
0

333
1
1422
2178
0

333
1
1494
2178
0

333
1
1566
2178
0

333
1
1638
2178
0

333
1
1710
2178
0

356
1
2358
2106
0

345
1
2394
2070
0

345
1
2430
2034
0

345
1
2466
1998
0

345
1
2502
1962
0

345
1
2538
1926
0

345
1
2574
1890
0

345
1
2610
1854
0

345
1
2610
1890
0

346
1
2574
1926
0

346
1
2538
1962
0

346
1
2502
1998
0

346
1
2466
2034
0

346
1
2430
2070
0

346
1
2394
2106
0

346
1
2358
2142
0

346
1
2610
1926
0

355
1
2394
2142
0

355
1
2430
2106
0

355
1
2466
2070
0

355
1
2502
2034
0

355
1
2538
1998
0

355
1
2574
1962
0

355
1
2646
1890
0

365
1
2718
1890
0

365
1
2790
1890
0

365
1
2862
1890
0

365
1
2934
1890
0

365
1
3006
1890
0

365
1
3078
1890
0

365
1
3150
1890
0

365
1
3222
1890
0

365
1
2682
1890
0

366
1
2754
1890
0

366
1
4698
2394
0

345
1
4662
2430
0

345
1
4698
2430
0

346
1
4734
2394
0

346
1
4734
2358
0

345
1
4770
2322
0

345
1
4806
2286
0

345
1
4842
2250
0

345
1
4878
2214
0

345
1
4914
2178
0

345
1
4950
2142
0

345
1
4770
2358
0

346
1
4806
2322
0

346
1
4842
2286
0

346
1
4878
2250
0

346
1
4914
2214
0

346
1
4950
2178
0

346
1
4986
2142
0

417
1
4950
1962
0

243
1
4986
1962
0

244
1
5022
1962
0

245
1
4950
1998
0

261
1
4986
1998
0

262
1
5022
1998
0

263
1
4950
2034
0

280
1
4986
2034
0

281
1
5022
2034
0

282
1
5166
1998
0

272
1
5202
1998
0

273
1
5238
1998
0

274
1
5166
2034
0

291
1
5202
2034
0

292
1
5238
2034
0

293
1
4806
2034
0

253
1
4842
2034
0

254
1
4806
1998
0

236
1
4842
1998
0

237
1
3654
2106
0

343
1
3618
2070
0

343
1
3582
2034
0

343
1
3546
1998
0

343
1
3510
1962
0

343
1
3474
1926
0

343
1
3438
1890
0

343
1
3402
1854
0

343
1
3438
1926
0

342
1
3474
1962
0

342
1
3510
1998
0

342
1
3546
2034
0

342
1
3582
2070
0

342
1
3618
2106
0

342
1
3654
2142
0

342
1
3402
1890
0

342
1
3330
1890
0

366
1
3402
1926
0

341
1
3438
1962
0

341
1
3474
1998
0

341
1
3510
2034
0

341
1
3546
2070
0

341
1
3582
2106
0

341
1
3618
2142
0

341
1
3330
1854
0

417
1
3366
1854
0

421
1
3366
1890
0

365
