114
33
75
1206
2718
0

0
89
73
3222
2646
0

0
28
75
1026
2718
0

0
52
86
1890
3114
0

0
52
75
1890
2718
0

0
29
75
1062
2718
0

0
30
75
1098
2718
0

0
31
75
1134
2718
0

0
32
75
1170
2718
0

0
34
75
1242
2718
0

0
35
75
1278
2718
0

0
36
75
1314
2718
0

0
37
75
1350
2718
0

0
38
75
1386
2718
0

0
39
75
1422
2718
0

0
40
75
1458
2718
0

0
41
75
1494
2718
0

0
42
75
1530
2718
0

0
43
75
1566
2718
0

0
44
75
1602
2718
0

0
45
75
1638
2718
0

0
46
75
1674
2718
0

0
47
75
1710
2718
0

0
48
75
1746
2718
0

0
49
75
1782
2718
0

0
50
75
1818
2718
0

0
51
86
1854
3114
0

0
51
75
1854
2718
0

0
53
86
1926
3114
0

0
53
75
1926
2718
0

0
54
86
1962
3114
0

0
54
75
1962
2718
0

0
55
86
1998
3114
0

0
55
75
1998
2718
0

0
56
86
2034
3114
0

0
56
75
2034
2718
0

0
57
86
2070
3114
0

0
57
75
2070
2718
0

0
58
86
2106
3114
0

0
58
75
2106
2718
0

0
59
86
2142
3114
0

0
59
75
2142
2718
0

3
60
86
2178
3114
0

0
60
74
2178
2682
0

2
61
86
2214
3114
0

0
61
73
2214
2646
0

3
62
86
2250
3114
0

0
62
73
2250
2646
0

0
63
86
2286
3114
0

0
63
73
2286
2646
0

0
64
86
2322
3114
0

0
64
73
2322
2646
0

0
65
86
2358
3114
0

0
65
73
2358
2646
0

0
66
86
2394
3114
0

0
66
73
2394
2646
0

0
67
86
2430
3114
0

0
67
73
2430
2646
0

0
68
86
2466
3114
0

0
68
73
2466
2646
0

0
69
86
2502
3114
0

0
69
73
2502
2646
0

0
70
86
2538
3114
0

0
70
73
2538
2646
0

0
71
86
2574
3114
0

0
71
73
2574
2646
0

0
72
86
2610
3114
0

0
72
73
2610
2646
0

0
73
86
2646
3114
0

0
73
73
2646
2646
0

0
74
86
2682
3114
0

0
74
73
2682
2646
0

0
75
86
2718
3114
0

0
75
73
2718
2646
0

0
76
86
2754
3114
0

0
76
73
2754
2646
0

0
77
86
2790
3114
0

0
77
73
2790
2646
0

0
78
86
2826
3114
0

0
78
73
2826
2646
0

0
79
86
2862
3114
0

0
79
73
2862
2646
0

0
80
86
2898
3114
0

0
80
73
2898
2646
0

0
81
86
2934
3114
0

0
81
73
2934
2646
0

0
82
86
2970
3114
0

0
82
73
2970
2646
0

0
83
86
3006
3114
0

0
83
73
3006
2646
0

0
84
86
3042
3114
0

0
84
73
3042
2646
0

0
85
86
3078
3114
0

0
85
73
3078
2646
0

0
86
86
3114
3114
0

0
86
73
3114
2646
0

0
87
86
3150
3114
0

0
87
73
3150
2646
0

0
88
73
3186
2646
0

0
90
73
3258
2646
0

0
91
73
3294
2646
0

0
92
73
3330
2646
0

0
93
73
3366
2646
0

0
94
73
3402
2646
0

0
96
73
3474
2646
0

0
97
73
3510
2646
0

0
98
73
3546
2646
0

0
99
73
3582
2646
0

0
100
73
3618
2646
0

0
101
73
3654
2646
0

0
102
73
3690
2646
0

0
103
73
3726
2646
0

0
104
73
3762
2646
0

0
95
73
3438
2646
0

0
