1183
0
1062
2790
0

102
0
1134
2790
0

102
0
1206
2790
0

102
0
1422
2790
0

102
0
1494
2790
0

102
0
1566
2790
0

102
0
1638
2790
0

102
0
1710
2790
0

102
0
1098
2790
0

103
0
1170
2790
0

103
0
1242
2790
0

103
0
1386
2790
0

103
0
1314
2790
0

103
0
1458
2790
0

103
0
1530
2790
0

103
0
1602
2790
0

103
0
1674
2790
0

103
0
1278
2790
0

102
0
1350
2790
0

102
0
1746
2790
0

103
0
1026
2790
0

103
0
1062
2754
0

283
0
1134
2754
0

283
0
1206
2754
0

283
0
1278
2754
0

283
0
1350
2754
0

283
0
1422
2754
0

283
0
1566
2754
0

283
0
1638
2754
0

283
0
1710
2754
0

283
0
1746
2754
0

284
0
1674
2754
0

284
0
1602
2754
0

284
0
1458
2754
0

284
0
1386
2754
0

284
0
1314
2754
0

284
0
1242
2754
0

284
0
1170
2754
0

284
0
1098
2754
0

284
0
1530
2754
0

284
0
1494
2754
0

283
0
1026
2754
0

283
0
1098
2718
0

353
0
1098
2682
0

352
0
1062
2718
0

361
0
1026
2718
0

361
0
1062
2682
0

359
0
1026
2682
0

358
0
1026
2646
0

341
0
1062
2646
0

351
0
1098
2646
0

360
0
1098
2610
0

352
0
1062
2610
0

351
0
1026
2610
0

358
0
1026
2574
0

349
0
1062
2574
0

351
0
1098
2574
0

360
0
1098
2538
0

352
0
1062
2538
0

359
0
1026
2538
0

359
0
1134
2718
0

339
0
1170
2718
0

340
0
1206
2718
0

340
0
1242
2718
0

340
0
1278
2718
0

333
0
1278
2682
0

330
0
1278
2646
0

318
0
1278
2538
0

318
0
1134
2610
0

339
0
1278
2610
0

333
0
1278
2574
0

330
0
1134
2538
0

316
0
1134
2646
0

316
0
1170
2538
0

317
0
1206
2538
0

317
0
1242
2538
0

317
0
1170
2646
0

317
0
1206
2646
0

317
0
1242
2646
0

317
0
1170
2610
0

340
0
1206
2610
0

340
0
1242
2610
0

340
0
1134
2682
0

328
0
1134
2574
0

328
0
1170
2574
0

329
0
1206
2574
0

329
0
1242
2574
0

329
0
1242
2682
0

329
0
1206
2682
0

329
0
1170
2682
0

329
0
1314
2538
0

319
0
1314
2574
0

319
0
1314
2610
0

319
0
1314
2646
0

319
0
1314
2682
0

319
0
1314
2718
0

319
0
1350
2610
0

354
0
1350
2574
0

354
0
1350
2538
0

354
0
1350
2646
0

354
0
1350
2682
0

362
0
1386
2682
0

363
0
1350
2718
0

367
0
1386
2718
0

368
0
1386
2646
0

355
0
1386
2610
0

355
0
1386
2574
0

355
0
1386
2538
0

355
0
1422
2538
0

341
0
1422
2574
0

358
0
1422
2610
0

349
0
1458
2610
0

351
0
1422
2646
0

353
0
1422
2682
0

353
0
1422
2718
0

361
0
1458
2646
0

336
0
1458
2682
0

336
0
1458
2718
0

351
0
1494
2718
0

351
0
1530
2718
0

351
0
1494
2610
0

329
0
1494
2646
0

329
0
1494
2682
0

329
0
1458
2574
0

267
0
1494
2574
0

269
0
1494
2538
0

255
0
2070
2790
0

295
0
1458
2538
0

247
0
2106
2790
0

291
0
1062
2502
0

194
0
1134
2502
0

194
0
1206
2502
0

194
0
1350
2502
0

194
0
1422
2502
0

194
0
1386
2502
0

188
0
1314
2502
0

188
0
1242
2502
0

188
0
1170
2502
0

188
0
1098
2502
0

188
0
1278
2502
0

194
0
1026
2502
0

188
0
1566
2502
0

188
0
1638
2502
0

188
0
1530
2502
0

194
0
1602
2502
0

194
0
1710
2502
0

374
0
1674
2502
0

374
0
1530
2574
0

328
0
1530
2610
0

328
0
1530
2646
0

328
0
1566
2682
0

333
0
1530
2682
0

339
0
1566
2574
0

330
0
1566
2610
0

330
0
1566
2646
0

330
0
1530
2538
0

316
0
1566
2538
0

318
0
1566
2718
0

351
0
1602
2718
0

360
0
1602
2682
0

353
0
1602
2646
0

353
0
1602
2610
0

353
0
1602
2574
0

349
0
1602
2538
0

319
0
1638
2574
0

342
0
1674
2574
0

343
0
1638
2610
0

354
0
1638
2646
0

354
0
1638
2682
0

354
0
1638
2718
0

354
0
1674
2610
0

355
0
1674
2646
0

355
0
1674
2682
0

355
0
1674
2718
0

355
0
1638
2538
0

332
0
1674
2538
0

325
0
1746
2718
0

351
0
1782
2718
0

351
0
1710
2574
0

351
0
1746
2574
0

351
0
1746
2538
0

351
0
1782
2574
0

360
0
1782
2538
0

352
0
1710
2538
0

341
0
1710
2610
0

353
0
1710
2646
0

353
0
1710
2682
0

353
0
1710
2718
0

358
0
1782
2682
0

333
0
1782
2610
0

318
0
1782
2646
0

330
0
1746
2646
0

328
0
1746
2610
0

316
0
1746
2682
0

339
0
1818
2538
0

319
0
1818
2574
0

319
0
1818
2682
0

361
0
1818
2718
0

360
0
1818
2646
0

353
0
1818
2610
0

341
0
1782
2754
0

283
0
1818
2754
0

284
0
1818
2790
0

190
0
1782
2790
0

190
0
1890
2790
0

278
0
1926
2790
0

278
0
1962
2790
0

278
0
1998
2790
0

278
0
1926
2754
0

260
0
1890
2754
0

265
0
1962
2754
0

265
0
1926
2430
0

186
0
1998
2430
0

186
0
2034
2790
0

278
0
2034
2754
0

280
0
1998
2754
0

262
0
1746
2502
0

374
0
1782
2502
0

374
0
1818
2502
0

269
0
1818
2466
0

255
0
1458
2502
0

175
0
1890
2718
0

368
0
1854
2718
0

367
0
1890
2682
0

363
0
1854
2682
0

362
0
1854
2646
0

354
0
1890
2646
0

355
0
1854
2610
0

342
0
1890
2610
0

343
0
1890
2574
0

325
0
1854
2574
0

332
0
1890
2538
0

321
0
1854
2538
0

320
0
1890
2502
0

321
0
1854
2502
0

320
0
1854
2466
0

320
0
1890
2466
0

321
0
1926
2466
0

316
0
1962
2502
0

333
0
1926
2502
0

339
0
1962
2466
0

318
0
1962
2538
0

351
0
1962
2574
0

351
0
1998
2574
0

351
0
2034
2610
0

318
0
1926
2718
0

339
0
2034
2718
0

333
0
2034
2646
0

330
0
2034
2682
0

330
0
1926
2646
0

328
0
1926
2682
0

328
0
1926
2610
0

316
0
1962
2610
0

317
0
1998
2610
0

317
0
1962
2718
0

340
0
1998
2718
0

340
0
1962
2646
0

329
0
1998
2646
0

329
0
1998
2682
0

329
0
1962
2682
0

329
0
1926
2574
0

358
0
1926
2538
0

349
0
2034
2574
0

360
0
1998
2538
0

360
0
2034
2538
0

353
0
1998
2502
0

353
0
1998
2466
0

353
0
2034
2502
0

353
0
2034
2466
0

349
0
2070
2466
0

359
0
2106
2466
0

359
0
2070
2502
0

349
0
2106
2502
0

359
0
2142
2502
0

360
0
2142
2466
0

352
0
2070
2538
0

353
0
2070
2574
0

353
0
2070
2610
0

353
0
2070
2646
0

353
0
2070
2682
0

353
0
2070
2718
0

358
0
2106
2718
0

359
0
2142
2646
0

330
0
2106
2646
0

328
0
2142
2610
0

318
0
2142
2538
0

318
0
2142
2574
0

333
0
2106
2538
0

316
0
2106
2574
0

339
0
2106
2610
0

316
0
2142
2682
0

333
0
2106
2682
0

339
0
2178
2466
0

316
0
2214
2502
0

330
0
2214
2538
0

330
0
2214
2574
0

330
0
2214
2610
0

330
0
2214
2646
0

330
0
2214
2682
0

333
0
2178
2682
0

339
0
2178
2646
0

328
0
2178
2610
0

328
0
2178
2574
0

328
0
2178
2538
0

328
0
2178
2502
0

328
0
2214
2466
0

318
0
2394
2466
0

318
0
2358
2466
0

316
0
2394
2682
0

333
0
2358
2682
0

339
0
2394
2646
0

330
0
2394
2610
0

330
0
2394
2574
0

330
0
2394
2538
0

330
0
2394
2502
0

330
0
2358
2502
0

328
0
2358
2538
0

328
0
2358
2574
0

328
0
2358
2610
0

328
0
2358
2646
0

328
0
2358
2682
0

328
0
2142
2718
0

361
0
2178
2718
0

370
0
2286
2646
0

362
0
2322
2646
0

363
0
2286
2682
0

367
0
2322
2682
0

368
0
2286
2610
0

354
0
2322
2610
0

355
0
2286
2466
0

320
0
2322
2466
0

321
0
2322
2502
0

325
0
2286
2502
0

332
0
2322
2538
0

343
0
2286
2538
0

342
0
2250
2682
0

353
0
2322
2574
0

355
0
2250
2466
0

331
0
2250
2502
0

331
0
2250
2538
0

349
0
2250
2646
0

353
0
2250
2574
0

353
0
2250
2610
0

353
0
2286
2574
0

354
0
1854
2430
0

186
0
1890
2430
0

192
0
1962
2430
0

192
0
2034
2430
0

192
0
2106
2430
0

192
0
2178
2430
0

192
0
2250
2430
0

192
0
2322
2430
0

192
0
2358
2430
0

186
0
2286
2430
0

186
0
2214
2430
0

186
0
2142
2430
0

186
0
2070
2430
0

186
0
1854
2754
0

280
0
1854
2790
0

278
0
2070
2754
0

284
0
2106
2754
0

286
0
1494
2502
0

177
0
1818
2430
0

177
0
2430
2862
0

269
0
2394
2862
0

267
0
2430
2826
0

255
0
2394
2826
0

247
0
1818
2862
0

255
0
1818
2898
0

255
0
1818
2934
0

255
0
1818
2970
0

255
0
1818
3006
0

255
0
1818
3042
0

255
0
1818
2826
0

177
0
1818
3078
0

208
0
1962
2970
0

170
0
1998
2970
0

171
0
2034
2970
0

172
0
2070
2970
0

173
0
2214
2970
0

159
0
2250
2970
0

160
0
2286
2970
0

161
0
1854
2934
0

60
0
1890
2934
0

60
0
1926
2934
0

60
0
1962
2934
0

60
0
1998
2934
0

60
0
2034
2934
0

60
0
2070
2934
0

60
0
2106
2934
0

60
0
2142
2934
0

60
0
2178
2934
0

60
0
2214
2934
0

60
0
2250
2934
0

60
0
2286
2934
0

60
0
2322
2934
0

60
0
2358
2934
0

60
0
2394
2934
0

60
0
1854
2898
0

56
0
2214
3006
0

119
0
2322
3006
0

115
0
1962
2898
0

56
0
2538
3186
0

103
0
2610
3186
0

103
0
2682
3186
0

103
0
1926
3006
0

114
0
2142
2898
0

56
0
2178
2898
0

56
0
2214
2898
0

56
0
2250
2898
0

56
0
2106
2898
0

214
0
2070
2898
0

213
0
2358
2898
0

56
0
2394
2898
0

56
0
2286
2862
0

227
0
2358
2862
0

227
0
1890
2826
0

227
0
1962
2826
0

227
0
2214
2862
0

227
0
2034
2826
0

227
0
2142
2862
0

227
0
2106
2826
0

227
0
2070
2862
0

227
0
2178
2826
0

227
0
1998
2862
0

227
0
2250
2826
0

227
0
1926
2862
0

227
0
1854
2862
0

227
0
2322
2826
0

227
0
1818
3186
0

59
0
3186
3150
0

253
0
3186
3186
0

55
0
1890
3186
0

103
0
1962
3186
0

103
0
2034
3186
0

103
0
2106
3186
0

103
0
2178
3186
0

103
0
2250
3186
0

103
0
2322
3186
0

103
0
2394
3186
0

103
0
2466
3186
0

103
0
1998
2898
0

211
0
2034
2898
0

212
0
2286
2898
0

209
0
2322
2898
0

210
0
2034
3042
0

215
0
2070
3042
0

216
0
2286
3006
0

116
0
2250
3006
0

130
0
1890
2898
0

215
0
1926
2898
0

216
0
2178
3006
0

114
0
1854
3078
0

155
0
1890
3078
0

156
0
1926
3078
0

157
0
1962
3078
0

158
0
2394
2970
0

263
0
1926
3042
0

79
0
1890
3042
0

78
0
2322
3078
0

80
0
2358
3078
0

82
0
2394
3078
0

84
0
1854
2970
0

56
0
1890
2970
0

56
0
1926
2970
0

56
0
2106
2970
0

56
0
2142
2970
0

56
0
2178
2970
0

56
0
2322
2970
0

56
0
2358
2970
0

56
0
1890
3006
0

60
0
1854
3006
0

60
0
1962
3006
0

60
0
1998
3006
0

60
0
2034
3006
0

60
0
2070
3006
0

60
0
2106
3006
0

60
0
2142
3006
0

60
0
2358
3006
0

60
0
2394
3006
0

60
0
1854
3042
0

91
0
1962
3042
0

91
0
1998
3042
0

91
0
2106
3042
0

91
0
2142
3042
0

91
0
2178
3042
0

91
0
2214
3042
0

91
0
2250
3042
0

91
0
2286
3042
0

91
0
2322
3042
0

91
0
2358
3042
0

91
0
2394
3042
0

91
0
1998
3078
0

121
0
2034
3078
0

121
0
2070
3078
0

121
0
2106
3078
0

121
0
2142
3078
0

121
0
2178
3078
0

121
0
2214
3078
0

121
0
2250
3078
0

121
0
2286
3078
0

121
0
2322
3114
0

112
0
2358
3114
0

113
0
2394
3114
0

56
0
2286
3114
0

56
0
2250
3114
0

56
0
2214
3114
0

56
0
2178
3114
0

56
0
2142
3114
0

56
0
2106
3114
0

56
0
2070
3114
0

56
0
2034
3114
0

56
0
1998
3114
0

56
0
1962
3114
0

56
0
1926
3114
0

56
0
1890
3114
0

56
0
1854
3114
0

56
0
1818
3114
0

21
0
1854
3150
0

265
0
1926
3150
0

265
0
1998
3150
0

265
0
2070
3150
0

265
0
2142
3150
0

265
0
2214
3150
0

265
0
2286
3150
0

265
0
1890
3150
0

260
0
1962
3150
0

260
0
2034
3150
0

260
0
2106
3150
0

260
0
2178
3150
0

260
0
2250
3150
0

260
0
2358
3150
0

265
0
2430
3150
0

265
0
2502
3150
0

265
0
2574
3150
0

265
0
2646
3150
0

265
0
2718
3150
0

265
0
2790
3150
0

265
0
2862
3150
0

265
0
2934
3150
0

265
0
3006
3150
0

265
0
3078
3150
0

265
0
2322
3150
0

260
0
2394
3150
0

260
0
2466
3150
0

260
0
2538
3150
0

260
0
2610
3150
0

260
0
2682
3150
0

260
0
2754
3150
0

260
0
2826
3150
0

260
0
2898
3150
0

260
0
2970
3150
0

260
0
3042
3150
0

260
0
3114
3150
0

260
0
3150
3150
0

265
0
1854
3186
0

102
0
1926
3186
0

102
0
1998
3186
0

102
0
2070
3186
0

102
0
2142
3186
0

102
0
2214
3186
0

102
0
2286
3186
0

102
0
2358
3186
0

102
0
2430
3186
0

102
0
2502
3186
0

102
0
2574
3186
0

102
0
2646
3186
0

102
0
2718
3186
0

102
0
2790
3186
0

102
0
2862
3186
0

102
0
2934
3186
0

102
0
3006
3186
0

102
0
3078
3186
0

102
0
3150
3186
0

102
0
1818
3150
0

251
0
3114
3186
0

103
0
3042
3186
0

103
0
2970
3186
0

103
0
2898
3186
0

103
0
2826
3186
0

103
0
2754
3186
0

103
0
2106
2862
0

228
0
2322
2862
0

228
0
1962
2862
0

228
0
2250
2862
0

228
0
2034
2862
0

228
0
2178
2862
0

228
0
1890
2862
0

228
0
1854
2826
0

227
0
1926
2826
0

227
0
1998
2826
0

227
0
2070
2826
0

227
0
2142
2826
0

227
0
2214
2826
0

227
0
2286
2826
0

227
0
2358
2826
0

227
0
2502
3042
0

153
0
2862
3042
0

153
0
2826
3042
0

153
0
2790
3042
0

153
0
2754
3042
0

153
0
2718
3042
0

153
0
2682
3042
0

153
0
2646
3042
0

153
0
2610
3042
0

153
0
2574
3042
0

153
0
2538
3042
0

153
0
2430
3042
0

153
0
2466
3042
0

153
0
3006
3042
0

153
0
2970
3042
0

153
0
2934
3042
0

153
0
2898
3042
0

153
0
2466
2934
0

257
0
3042
2934
0

257
0
2682
2934
0

257
0
2862
2934
0

257
0
2430
3078
0

189
0
2466
3078
0

189
0
2502
3078
0

189
0
2538
3078
0

189
0
2574
3078
0

189
0
2610
3078
0

189
0
2646
3078
0

189
0
2682
3078
0

189
0
2718
3078
0

189
0
2754
3078
0

189
0
2790
3078
0

189
0
2826
3078
0

189
0
2862
3078
0

189
0
2898
3078
0

189
0
2934
3078
0

189
0
2970
3078
0

189
0
3006
3078
0

189
0
3042
3078
0

189
0
3078
3078
0

189
0
3114
3078
0

189
0
3150
3078
0

189
0
3150
3042
0

153
0
3114
3042
0

153
0
3078
3042
0

153
0
3042
3042
0

153
0
2430
2934
0

94
0
2502
2934
0

94
0
2538
2934
0

94
0
2574
2934
0

94
0
2610
2934
0

94
0
2646
2934
0

94
0
2718
2934
0

94
0
2754
2934
0

94
0
2790
2934
0

94
0
2826
2934
0

94
0
2898
2934
0

94
0
2934
2934
0

94
0
2970
2934
0

94
0
3006
2934
0

94
0
3078
2934
0

94
0
3114
2934
0

94
0
3150
2934
0

94
0
3150
2970
0

94
0
3114
2970
0

94
0
3078
2970
0

94
0
3042
2970
0

94
0
3006
2970
0

94
0
2970
2970
0

94
0
2934
2970
0

94
0
2898
2970
0

94
0
2862
2970
0

94
0
2826
2970
0

94
0
2790
2970
0

94
0
2754
2970
0

94
0
2718
2970
0

94
0
2682
2970
0

94
0
2646
2970
0

94
0
2610
2970
0

94
0
2574
2970
0

94
0
2538
2970
0

94
0
2502
2970
0

94
0
2466
2970
0

94
0
2430
2970
0

94
0
2430
3006
0

95
0
2466
3006
0

95
0
2502
3006
0

95
0
2538
3006
0

95
0
2574
3006
0

95
0
2610
3006
0

95
0
2646
3006
0

95
0
2682
3006
0

95
0
2718
3006
0

95
0
2754
3006
0

95
0
2790
3006
0

95
0
2826
3006
0

95
0
2862
3006
0

95
0
2898
3006
0

95
0
2934
3006
0

95
0
2970
3006
0

95
0
3006
3006
0

95
0
3042
3006
0

95
0
3078
3006
0

95
0
3114
3006
0

95
0
3150
3006
0

95
0
2718
2826
0

187
0
2754
2826
0

187
0
3078
3114
0

187
0
3042
3114
0

187
0
3006
3114
0

187
0
2970
3114
0

187
0
2934
3114
0

187
0
2826
3114
0

187
0
2790
3114
0

187
0
2754
3114
0

187
0
2718
3114
0

187
0
2682
3114
0

187
0
2646
3114
0

187
0
2610
3114
0

187
0
2574
3114
0

187
0
2538
3114
0

187
0
2502
3114
0

187
0
2466
3114
0

187
0
2430
3114
0

187
0
2898
3114
0

187
0
2862
3114
0

187
0
2610
2826
0

187
0
2538
2826
0

187
0
2574
2826
0

187
0
2466
2826
0

187
0
2502
2826
0

187
0
3150
2826
0

187
0
3114
2826
0

187
0
3078
2826
0

187
0
3042
2826
0

187
0
3006
2826
0

187
0
2970
2826
0

187
0
2934
2826
0

187
0
2898
2826
0

187
0
2862
2826
0

187
0
2826
2826
0

187
0
2646
2826
0

187
0
2682
2826
0

187
0
2790
2826
0

187
0
2466
2862
0

252
0
2502
2862
0

252
0
2538
2862
0

252
0
2574
2862
0

252
0
2610
2862
0

252
0
2646
2862
0

252
0
2682
2862
0

252
0
2718
2862
0

252
0
2754
2862
0

252
0
2790
2862
0

252
0
2826
2862
0

252
0
2862
2862
0

252
0
2898
2862
0

252
0
2934
2862
0

252
0
2970
2862
0

252
0
3006
2862
0

252
0
3042
2862
0

252
0
3114
2862
0

252
0
3150
2862
0

252
0
3078
2862
0

252
0
2430
2898
0

298
0
2466
2898
0

298
0
2502
2898
0

298
0
2538
2898
0

298
0
2574
2898
0

298
0
2610
2898
0

298
0
2646
2898
0

298
0
2682
2898
0

298
0
2718
2898
0

298
0
2754
2898
0

298
0
2790
2898
0

298
0
2826
2898
0

298
0
2862
2898
0

298
0
2898
2898
0

298
0
2934
2898
0

298
0
2970
2898
0

298
0
3006
2898
0

298
0
3042
2898
0

298
0
3078
2898
0

298
0
3114
2898
0

298
0
3150
2898
0

298
0
3114
3114
0

252
0
3150
3114
0

252
0
2214
2718
0

102
0
2286
2718
0

102
0
2358
2718
0

102
0
2430
2718
0

102
0
2502
2718
0

102
0
2574
2718
0

102
0
2646
2718
0

102
0
2718
2718
0

102
0
2790
2718
0

102
0
2862
2718
0

102
0
2934
2718
0

102
0
3006
2718
0

102
0
3078
2718
0

102
0
3150
2718
0

102
0
3222
2718
0

102
0
3294
2718
0

102
0
3366
2718
0

102
0
3438
2718
0

102
0
3510
2718
0

102
0
3582
2718
0

102
0
3654
2718
0

102
0
3726
2718
0

102
0
2250
2718
0

103
0
2322
2718
0

103
0
2394
2718
0

103
0
2466
2718
0

103
0
2538
2718
0

103
0
2610
2718
0

103
0
2682
2718
0

103
0
2754
2718
0

103
0
2826
2718
0

103
0
2898
2718
0

103
0
2970
2718
0

103
0
3042
2718
0

103
0
3114
2718
0

103
0
3186
2718
0

103
0
3258
2718
0

103
0
3330
2718
0

103
0
3402
2718
0

103
0
3474
2718
0

103
0
3546
2718
0

103
0
3618
2718
0

103
0
3690
2718
0

103
0
3762
2718
0

103
0
2502
2430
0

291
0
2574
2430
0

291
0
2646
2430
0

291
0
2718
2430
0

291
0
2790
2430
0

291
0
2862
2430
0

291
0
2934
2430
0

291
0
3006
2430
0

291
0
3078
2430
0

291
0
3150
2430
0

291
0
3222
2430
0

291
0
3294
2430
0

291
0
3366
2430
0

291
0
3438
2430
0

291
0
3510
2430
0

291
0
3582
2430
0

291
0
3654
2430
0

291
0
3726
2430
0

291
0
2466
2430
0

295
0
2538
2430
0

295
0
2610
2430
0

295
0
2682
2430
0

295
0
2754
2430
0

295
0
2826
2430
0

295
0
2898
2430
0

295
0
2970
2430
0

295
0
3042
2430
0

295
0
3114
2430
0

295
0
3186
2430
0

295
0
3258
2430
0

295
0
3330
2430
0

295
0
3402
2430
0

295
0
3474
2430
0

295
0
3546
2430
0

295
0
3618
2430
0

295
0
3690
2430
0

295
0
3762
2430
0

295
0
2430
2682
0

283
0
3042
2574
0

91
0
2574
2682
0

283
0
2646
2682
0

283
0
2718
2682
0

283
0
2790
2682
0

283
0
2862
2682
0

283
0
2934
2682
0

283
0
3006
2682
0

283
0
3078
2682
0

283
0
3150
2682
0

283
0
3222
2682
0

283
0
3294
2682
0

283
0
3366
2682
0

283
0
3438
2682
0

283
0
3510
2682
0

283
0
3582
2682
0

283
0
3654
2682
0

283
0
3726
2682
0

283
0
3762
2682
0

284
0
3690
2682
0

284
0
3618
2682
0

284
0
3546
2682
0

284
0
3474
2682
0

284
0
3402
2682
0

284
0
3330
2682
0

284
0
3258
2682
0

284
0
3186
2682
0

284
0
3114
2682
0

284
0
3042
2682
0

284
0
2970
2682
0

284
0
2898
2682
0

284
0
2826
2682
0

284
0
2754
2682
0

284
0
2682
2682
0

284
0
2610
2682
0

284
0
3078
2574
0

91
0
2466
2682
0

284
0
2466
2466
0

203
0
2502
2466
0

203
0
2538
2466
0

203
0
2574
2466
0

203
0
2610
2466
0

203
0
2646
2466
0

203
0
2682
2466
0

203
0
2718
2466
0

203
0
2754
2466
0

203
0
2790
2466
0

203
0
2826
2466
0

203
0
2862
2466
0

203
0
2898
2466
0

203
0
2934
2466
0

203
0
2970
2466
0

203
0
3006
2466
0

203
0
3042
2466
0

203
0
3078
2466
0

203
0
3114
2466
0

203
0
3150
2466
0

203
0
3186
2466
0

203
0
3222
2466
0

203
0
3258
2466
0

203
0
3294
2466
0

203
0
3330
2466
0

203
0
3366
2466
0

203
0
3402
2466
0

203
0
3438
2466
0

203
0
3474
2466
0

203
0
3510
2466
0

203
0
3546
2466
0

203
0
3582
2466
0

203
0
3618
2466
0

203
0
3654
2466
0

203
0
3690
2466
0

203
0
3726
2466
0

203
0
3762
2466
0

203
0
2646
2538
0

173
0
2502
2502
0

181
0
2538
2502
0

181
0
2574
2502
0

181
0
2610
2502
0

181
0
2646
2502
0

181
0
2682
2502
0

181
0
2718
2502
0

181
0
2754
2502
0

181
0
2790
2502
0

181
0
2826
2502
0

181
0
2862
2502
0

181
0
2898
2502
0

181
0
2934
2502
0

181
0
2970
2502
0

181
0
3006
2502
0

181
0
3042
2502
0

181
0
3078
2502
0

181
0
3114
2502
0

181
0
3150
2502
0

181
0
3186
2502
0

181
0
3222
2502
0

181
0
3258
2502
0

181
0
3294
2502
0

181
0
3330
2502
0

181
0
3366
2502
0

181
0
3402
2502
0

181
0
3438
2502
0

181
0
3474
2502
0

181
0
3510
2502
0

181
0
3546
2502
0

181
0
3582
2502
0

181
0
3618
2502
0

181
0
3654
2502
0

181
0
3690
2502
0

181
0
3726
2502
0

181
0
3762
2502
0

181
0
2538
2538
0

170
0
2574
2538
0

171
0
2610
2538
0

172
0
2466
2502
0

181
0
3114
2646
0

140
0
3150
2646
0

141
0
3186
2646
0

142
0
3222
2646
0

143
0
3258
2646
0

144
0
3294
2646
0

145
0
3330
2646
0

149
0
3762
2646
0

137
0
2898
2574
0

91
0
3654
2646
0

149
0
3618
2646
0

149
0
3582
2646
0

149
0
3546
2646
0

149
0
3510
2646
0

149
0
3474
2646
0

149
0
3438
2646
0

149
0
3402
2646
0

149
0
3366
2646
0

149
0
2862
2574
0

91
0
3762
2574
0

91
0
3654
2574
0

91
0
2682
2574
0

91
0
2646
2574
0

91
0
3618
2574
0

91
0
3582
2574
0

91
0
3546
2574
0

91
0
3510
2574
0

91
0
3330
2574
0

91
0
3294
2574
0

91
0
3258
2574
0

91
0
3222
2574
0

91
0
3186
2574
0

91
0
3150
2574
0

91
0
3114
2574
0

91
0
2826
2574
0

91
0
3006
2574
0

91
0
3726
2646
0

137
0
3690
2646
0

137
0
3366
2574
0

211
0
3402
2574
0

212
0
3438
2574
0

213
0
3474
2574
0

214
0
3690
2574
0

215
0
3726
2574
0

216
0
2934
2574
0

207
0
2970
2574
0

209
0
2718
2574
0

159
0
2754
2574
0

160
0
2790
2574
0

161
0
2682
2538
0

90
0
3762
2538
0

90
0
2502
2538
0

90
0
2790
2538
0

90
0
2718
2538
0

91
0
2862
2538
0

90
0
2826
2538
0

91
0
2934
2538
0

90
0
2898
2538
0

91
0
3006
2538
0

90
0
2970
2538
0

91
0
3078
2538
0

90
0
3042
2538
0

91
0
3150
2538
0

90
0
3114
2538
0

91
0
3222
2538
0

90
0
3186
2538
0

91
0
3294
2538
0

90
0
3258
2538
0

91
0
3366
2538
0

90
0
3402
2538
0

90
0
3330
2538
0

91
0
3474
2538
0

90
0
3510
2538
0

90
0
3438
2538
0

91
0
3582
2538
0

90
0
3618
2538
0

90
0
3654
2538
0

90
0
3546
2538
0

91
0
3726
2538
0

90
0
3690
2538
0

91
0
2754
2538
0

91
0
2466
2538
0

91
0
2430
2538
0

91
0
2430
2574
0

91
0
2466
2574
0

91
0
2502
2574
0

91
0
2538
2574
0

91
0
2574
2574
0

91
0
2610
2574
0

91
0
2502
2682
0

283
0
2538
2682
0

284
0
3078
2646
0

181
0
3042
2646
0

181
0
3006
2646
0

181
0
2970
2646
0

181
0
2934
2646
0

181
0
2898
2646
0

181
0
2862
2646
0

181
0
2826
2646
0

181
0
2790
2646
0

181
0
2754
2646
0

181
0
2718
2646
0

181
0
2682
2646
0

181
0
2646
2646
0

181
0
2610
2646
0

181
0
2574
2646
0

181
0
2538
2646
0

181
0
2502
2646
0

181
0
2466
2646
0

181
0
2430
2646
0

181
0
3762
2610
0

56
0
3726
2610
0

56
0
3690
2610
0

56
0
3654
2610
0

56
0
3618
2610
0

56
0
3582
2610
0

56
0
3546
2610
0

56
0
3510
2610
0

56
0
3474
2610
0

56
0
3438
2610
0

56
0
3402
2610
0

56
0
3366
2610
0

56
0
3330
2610
0

56
0
3294
2610
0

56
0
3258
2610
0

56
0
3222
2610
0

56
0
3186
2610
0

56
0
3150
2610
0

56
0
3114
2610
0

56
0
3078
2610
0

56
0
3042
2610
0

56
0
3006
2610
0

56
0
2970
2610
0

56
0
2934
2610
0

56
0
2898
2610
0

56
0
2862
2610
0

56
0
2826
2610
0

56
0
2790
2610
0

56
0
2754
2610
0

56
0
2718
2610
0

56
0
2682
2610
0

56
0
2646
2610
0

56
0
2610
2610
0

56
0
2574
2610
0

56
0
2538
2610
0

56
0
2502
2610
0

56
0
2466
2610
0

56
0
2430
2610
0

56
1
2430
2430
0

177
1
2394
2466
0

247
1
2394
2502
0

267
1
2430
2502
0

269
1
2430
2466
0

255
1
3186
3114
0

253
1
2142
2754
0

245
1
2142
2718
0

24
1
2178
2682
0

24
1
2178
2718
0

25
1
2214
2682
0

283
1
2250
2682
0

288
1
2322
2682
0

288
1
2394
2682
0

288
1
2286
2682
0

283
1
2358
2682
0

283
1
2142
2790
0

293
1
2178
2790
0

295
1
2250
2790
0

295
1
2322
2790
0

295
1
2214
2790
0

291
1
2286
2790
0

291
1
2358
2790
0

291
1
2466
2790
0

295
1
2538
2790
0

295
1
2610
2790
0

295
1
2682
2790
0

295
1
2754
2790
0

295
1
2826
2790
0

295
1
2898
2790
0

295
1
2970
2790
0

295
1
3042
2790
0

295
1
3114
2790
0

295
1
3078
2790
0

291
1
3006
2790
0

291
1
2934
2790
0

291
1
2862
2790
0

291
1
2790
2790
0

291
1
2718
2790
0

291
1
2646
2790
0

291
1
2574
2790
0

291
1
2502
2790
0

291
1
3150
2790
0

291
1
2430
2790
0

177
1
3186
2826
0

253
1
3186
2862
0

253
1
3186
2898
0

253
1
3186
2934
0

253
1
3186
2970
0

253
1
3186
3006
0

253
1
3186
3042
0

253
1
3186
3078
0

253
1
2394
2430
0

175
1
2394
2790
0

175
1
3186
2790
0

179
