2
4821
2048.33
0
5183.78
1688.89
0
1513.47
2050.26
0
1152.42
1690.79
0
21
4173.94
1045.44
0
4173.94
1184.5
0
4250.19
1186.38
0
4250.5
1047
0
3601.36
1045.64
0
3604.55
1328.09
0
3637.73
1333.55
0
3639.09
1401.27
0
3812.73
1333.09
0
3814.55
1400.82
0
5429.85
1406.69
0
5430.62
1685.15
0
4323.38
1545.92
0
4322.62
1405.92
0
4246.38
1405.76
0
4246.11
1546.03
0
4717.74
1692.37
0
4717.47
1761.58
0
4500.56
1907.32
0
4501.29
1765.12
0
4426.95
1907.89
0
4425.89
1765
0
3888.76
1907.32
0
3890.22
1766.83
0
3814.12
1764.88
0
3814.12
1905.85
0
4138.39
2052.39
0
4138.91
2122.56
0
3960.67
2053
0
3961.67
2409.67
0
4501.67
2266
0
4502.33
2125
0
4426.67
2124.67
0
4426
2265.67
0
829.73
1690.78
0
829.459
1405.14
0
1308
1246
0
1308
1246
0
1398
1200
0
1398
1200
0
1617.61
1761.33
0
1617.33
1691.89
0
