243
1116
3456
0
1152
3456
0
1152
3492
0
1116
3492
0
1116
3492
0
1152
3492
0
1152
3528
0
1116
3528
0
1116
3528
0
1152
3528
0
1152
3564
0
1116
3564
0
1116
3564
0
1152
3564
0
1152
3600
0
1116
3600
0
1116
3600
0
1152
3600
0
1152
3636
0
1116
3636
0
1116
3636
0
1152
3636
0
1152
3672
0
1116
3672
0
1116
3672
0
1152
3672
0
1152
3708
0
1116
3708
0
1116
3708
0
1152
3708
0
1152
3744
0
1116
3744
0
1152
3708
0
1188
3708
0
1188
3744
0
1152
3744
0
1152
3456
0
1188
3456
0
1188
3492
0
1152
3492
0
1188
3456
0
1224
3456
0
1224
3492
0
1188
3492
0
1224
3456
0
1260
3456
0
1260
3492
0
1224
3492
0
1260
3456
0
1296
3456
0
1296
3492
0
1260
3492
0
1296
3456
0
1332
3456
0
1332
3492
0
1296
3492
0
1332
3456
0
1368
3456
0
1368
3492
0
1332
3492
0
1368
3456
0
1404
3456
0
1404
3492
0
1368
3492
0
1404
3456
0
1440
3456
0
1440
3492
0
1404
3492
0
1440
3456
0
1476
3456
0
1476
3492
0
1440
3492
0
1440
3492
0
1476
3492
0
1476
3528
0
1440
3528
0
1440
3528
0
1476
3528
0
1476
3564
0
1440
3564
0
1476
3528
0
1512
3528
0
1512
3564
0
1476
3564
0
1476
3492
0
1512
3492
0
1512
3528
0
1476
3528
0
1476
3456
0
1512
3456
0
1512
3492
0
1476
3492
0
1476
3420
0
1512
3420
0
1512
3456
0
1476
3456
0
1476
3384
0
1512
3384
0
1512
3420
0
1476
3420
0
1476
3348
0
1512
3348
0
1512
3384
0
1476
3384
0
1476
3312
0
1512
3312
0
1512
3348
0
1476
3348
0
1476
3276
0
1512
3276
0
1512
3312
0
1476
3312
0
1476
3240
0
1512
3240
0
1512
3276
0
1476
3276
0
1476
3204
0
1512
3204
0
1512
3240
0
1476
3240
0
1476
3168
0
1512
3168
0
1512
3204
0
1476
3204
0
1476
3132
0
1512
3132
0
1512
3168
0
1476
3168
0
1476
3096
0
1512
3096
0
1512
3132
0
1476
3132
0
1476
3060
0
1512
3060
0
1512
3096
0
1476
3096
0
1476
3024
0
1512
3024
0
1512
3060
0
1476
3060
0
1188
3708
0
1224
3708
0
1224
3744
0
1188
3744
0
1224
3708
0
1260
3708
0
1260
3744
0
1224
3744
0
1260
3708
0
1296
3708
0
1296
3744
0
1260
3744
0
1296
3708
0
1332
3708
0
1332
3744
0
1296
3744
0
1332
3708
0
1368
3708
0
1368
3744
0
1332
3744
0
1512
3384
0
1548
3384
0
1548
3420
0
1512
3420
0
1548
3384
0
1584
3384
0
1584
3420
0
1548
3420
0
1548
3348
0
1584
3348
0
1584
3384
0
1548
3384
0
1548
3312
0
1584
3312
0
1584
3348
0
1548
3348
0
1548
3276
0
1584
3276
0
1584
3312
0
1548
3312
0
1512
3276
0
1548
3276
0
1548
3312
0
1512
3312
0
1512
3240
0
1548
3240
0
1548
3276
0
1512
3276
0
1368
3708
0
1404
3708
0
1404
3744
0
1368
3744
0
1404
3708
0
1440
3708
0
1440
3744
0
1404
3744
0
1440
3708
0
1476
3708
0
1476
3744
0
1440
3744
0
1476
3708
0
1512
3708
0
1512
3744
0
1476
3744
0
1512
3708
0
1548
3708
0
1548
3744
0
1512
3744
0
1548
3708
0
1584
3708
0
1584
3744
0
1548
3744
0
1584
3708
0
1620
3708
0
1620
3744
0
1584
3744
0
1620
3708
0
1656
3708
0
1656
3744
0
1620
3744
0
1656
3708
0
1692
3708
0
1692
3744
0
1656
3744
0
1692
3708
0
1728
3708
0
1728
3744
0
1692
3744
0
1728
3708
0
1764
3708
0
1764
3744
0
1728
3744
0
1764
3708
0
1800
3708
0
1800
3744
0
1764
3744
0
1800
3708
0
1836
3708
0
1836
3744
0
1800
3744
0
1836
3708
0
1872
3708
0
1872
3744
0
1836
3744
0
1872
3708
0
1908
3708
0
1908
3744
0
1872
3744
0
1908
3708
0
1944
3708
0
1944
3744
0
1908
3744
0
1944
3708
0
1980
3708
0
1980
3744
0
1944
3744
0
1980
3708
0
2016
3708
0
2016
3744
0
1980
3744
0
2016
3672
0
2052
3672
0
2052
3708
0
2016
3708
0
2052
3636
0
2088
3636
0
2088
3672
0
2052
3672
0
2088
3600
0
2124
3600
0
2124
3636
0
2088
3636
0
2124
3600
0
2160
3600
0
2160
3636
0
2124
3636
0
2160
3600
0
2196
3600
0
2196
3636
0
2160
3636
0
2196
3600
0
2232
3600
0
2232
3636
0
2196
3636
0
2232
3600
0
2268
3600
0
2268
3636
0
2232
3636
0
2268
3600
0
2304
3600
0
2304
3636
0
2268
3636
0
2304
3600
0
2340
3600
0
2340
3636
0
2304
3636
0
2340
3600
0
2376
3600
0
2376
3636
0
2340
3636
0
2376
3600
0
2412
3600
0
2412
3636
0
2376
3636
0
2412
3600
0
2448
3600
0
2448
3636
0
2412
3636
0
2448
3600
0
2484
3600
0
2484
3636
0
2448
3636
0
2484
3600
0
2520
3600
0
2520
3636
0
2484
3636
0
2484
3564
0
2520
3564
0
2520
3600
0
2484
3600
0
2484
3528
0
2520
3528
0
2520
3564
0
2484
3564
0
2484
3492
0
2520
3492
0
2520
3528
0
2484
3528
0
2484
3456
0
2520
3456
0
2520
3492
0
2484
3492
0
2484
3420
0
2520
3420
0
2520
3456
0
2484
3456
0
2484
3384
0
2520
3384
0
2520
3420
0
2484
3420
0
2484
3348
0
2520
3348
0
2520
3384
0
2484
3384
0
2484
3312
0
2520
3312
0
2520
3348
0
2484
3348
0
2520
3312
0
2556
3312
0
2556
3348
0
2520
3348
0
2556
3312
0
2592
3312
0
2592
3348
0
2556
3348
0
2592
3312
0
2628
3312
0
2628
3348
0
2592
3348
0
2628
3312
0
2664
3312
0
2664
3348
0
2628
3348
0
2664
3312
0
2700
3312
0
2700
3348
0
2664
3348
0
2700
3312
0
2736
3312
0
2736
3348
0
2700
3348
0
2736
3312
0
2772
3312
0
2772
3348
0
2736
3348
0
2772
3312
0
2808
3312
0
2808
3348
0
2772
3348
0
2808
3312
0
2844
3312
0
2844
3348
0
2808
3348
0
2844
3312
0
2880
3312
0
2880
3348
0
2844
3348
0
2880
3312
0
2916
3312
0
2916
3348
0
2880
3348
0
2916
3312
0
2952
3312
0
2952
3348
0
2916
3348
0
2952
3312
0
2988
3312
0
2988
3348
0
2952
3348
0
2988
3312
0
3024
3312
0
3024
3348
0
2988
3348
0
3024
3312
0
3060
3312
0
3060
3348
0
3024
3348
0
3060
3312
0
3096
3312
0
3096
3348
0
3060
3348
0
3060
3348
0
3096
3348
0
3096
3384
0
3060
3384
0
3060
3384
0
3096
3384
0
3096
3420
0
3060
3420
0
3060
3420
0
3096
3420
0
3096
3456
0
3060
3456
0
3060
3492
0
3096
3492
0
3096
3528
0
3060
3528
0
3060
3528
0
3096
3528
0
3096
3564
0
3060
3564
0
3060
3564
0
3096
3564
0
3096
3600
0
3060
3600
0
3060
3456
0
3096
3456
0
3096
3492
0
3060
3492
0
3060
3600
0
3096
3600
0
3096
3636
0
3060
3636
0
3060
3636
0
3096
3636
0
3096
3672
0
3060
3672
0
3060
3672
0
3096
3672
0
3096
3708
0
3060
3708
0
3060
3708
0
3096
3708
0
3096
3744
0
3060
3744
0
3096
3708
0
3132
3708
0
3132
3744
0
3096
3744
0
3132
3708
0
3168
3708
0
3168
3744
0
3132
3744
0
3168
3708
0
3204
3708
0
3204
3744
0
3168
3744
0
3204
3708
0
3240
3708
0
3240
3744
0
3204
3744
0
3240
3708
0
3276
3708
0
3276
3744
0
3240
3744
0
3276
3708
0
3312
3708
0
3312
3744
0
3276
3744
0
3312
3708
0
3348
3708
0
3348
3744
0
3312
3744
0
3348
3708
0
3384
3708
0
3384
3744
0
3348
3744
0
3384
3708
0
3420
3708
0
3420
3744
0
3384
3744
0
3420
3708
0
3456
3708
0
3456
3744
0
3420
3744
0
3456
3708
0
3492
3708
0
3492
3744
0
3456
3744
0
3492
3708
0
3528
3708
0
3528
3744
0
3492
3744
0
3528
3708
0
3564
3708
0
3564
3744
0
3528
3744
0
3564
3708
0
3600
3708
0
3600
3744
0
3564
3744
0
3600
3708
0
3636
3708
0
3636
3744
0
3600
3744
0
3636
3708
0
3672
3708
0
3672
3744
0
3636
3744
0
3672
3708
0
3708
3708
0
3708
3744
0
3672
3744
0
3708
3708
0
3744
3708
0
3744
3744
0
3708
3744
0
3744
3708
0
3780
3708
0
3780
3744
0
3744
3744
0
3780
3708
0
3816
3708
0
3816
3744
0
3780
3744
0
3816
3708
0
3852
3708
0
3852
3744
0
3816
3744
0
3852
3708
0
3888
3708
0
3888
3744
0
3852
3744
0
3888
3708
0
3924
3708
0
3924
3744
0
3888
3744
0
3924
3708
0
3960
3708
0
3960
3744
0
3924
3744
0
3960
3708
0
3996
3708
0
3996
3744
0
3960
3744
0
3996
3708
0
4032
3708
0
4032
3744
0
3996
3744
0
4032
3708
0
4068
3708
0
4068
3744
0
4032
3744
0
4068
3708
0
4104
3708
0
4104
3744
0
4068
3744
0
4104
3708
0
4140
3708
0
4140
3744
0
4104
3744
0
2016
3708
0
2052
3708
0
2052
3744
0
2016
3744
0
2052
3708
0
2088
3708
0
2088
3744
0
2052
3744
0
2052
3672
0
2088
3672
0
2088
3708
0
2052
3708
0
2088
3636
0
2124
3636
0
2124
3672
0
2088
3672
0
2124
3636
0
2160
3636
0
2160
3672
0
2124
3672
0
1476
2988
0
1512
2988
0
1512
3024
0
1476
3024
0
1512
2988
0
1548
2988
0
1548
3024
0
1512
3024
0
1548
2988
0
1584
2988
0
1584
3024
0
1548
3024
0
1584
2988
0
1620
2988
0
1620
3024
0
1584
3024
0
1620
2988
0
1656
2988
0
1656
3024
0
1620
3024
0
1656
2988
0
1692
2988
0
1692
3024
0
1656
3024
0
1692
2988
0
1728
2988
0
1728
3024
0
1692
3024
0
1728
2988
0
1764
2988
0
1764
3024
0
1728
3024
0
1764
2988
0
1800
2988
0
1800
3024
0
1764
3024
0
1800
2988
0
1836
2988
0
1836
3024
0
1800
3024
0
1836
2988
0
1872
2988
0
1872
3024
0
1836
3024
0
1872
2988
0
1908
2988
0
1908
3024
0
1872
3024
0
1908
2988
0
1944
2988
0
1944
3024
0
1908
3024
0
1944
2988
0
1980
2988
0
1980
3024
0
1944
3024
0
1980
2988
0
2016
2988
0
2016
3024
0
1980
3024
0
2016
2988
0
2052
2988
0
2052
3024
0
2016
3024
0
2052
2988
0
2088
2988
0
2088
3024
0
2052
3024
0
2088
2988
0
2124
2988
0
2124
3024
0
2088
3024
0
2124
2988
0
2160
2988
0
2160
3024
0
2124
3024
0
2160
2988
0
2196
2988
0
2196
3024
0
2160
3024
0
2196
2988
0
2232
2988
0
2232
3024
0
2196
3024
0
2232
2988
0
2268
2988
0
2268
3024
0
2232
3024
0
2268
2988
0
2304
2988
0
2304
3024
0
2268
3024
0
2304
2988
0
2340
2988
0
2340
3024
0
2304
3024
0
2340
2988
0
2376
2988
0
2376
3024
0
2340
3024
0
2376
2988
0
2412
2988
0
2412
3024
0
2376
3024
0
2412
2988
0
2448
2988
0
2448
3024
0
2412
3024
0
2448
2988
0
2484
2988
0
2484
3024
0
2448
3024
0
2484
2988
0
2520
2988
0
2520
3024
0
2484
3024
0
2520
2988
0
2556
2988
0
2556
3024
0
2520
3024
0
2556
2988
0
2592
2988
0
2592
3024
0
2556
3024
0
2592
2988
0
2628
2988
0
2628
3024
0
2592
3024
0
2628
2988
0
2664
2988
0
2664
3024
0
2628
3024
0
2664
2988
0
2700
2988
0
2700
3024
0
2664
3024
0
2700
2988
0
2736
2988
0
2736
3024
0
2700
3024
0
2736
2988
0
2772
2988
0
2772
3024
0
2736
3024
0
2772
2988
0
2808
2988
0
2808
3024
0
2772
3024
0
2808
2988
0
2844
2988
0
2844
3024
0
2808
3024
0
2844
2988
0
2880
2988
0
2880
3024
0
2844
3024
0
2880
2988
0
2916
2988
0
2916
3024
0
2880
3024
0
2916
2988
0
2952
2988
0
2952
3024
0
2916
3024
0
2952
2988
0
2988
2988
0
2988
3024
0
2952
3024
0
2988
2988
0
3024
2988
0
3024
3024
0
2988
3024
0
3024
2988
0
3060
2988
0
3060
3024
0
3024
3024
0
3060
2988
0
3096
2988
0
3096
3024
0
3060
3024
0
3096
2988
0
3132
2988
0
3132
3024
0
3096
3024
0
3132
2988
0
3168
2988
0
3168
3024
0
3132
3024
0
3168
2988
0
3204
2988
0
3204
3024
0
3168
3024
0
3204
2988
0
3240
2988
0
3240
3024
0
3204
3024
0
3240
2988
0
3276
2988
0
3276
3024
0
3240
3024
0
3276
2988
0
3312
2988
0
3312
3024
0
3276
3024
0
3312
2988
0
3348
2988
0
3348
3024
0
3312
3024
0
3348
2988
0
3384
2988
0
3384
3024
0
3348
3024
0
3384
2988
0
3420
2988
0
3420
3024
0
3384
3024
0
3420
2988
0
3456
2988
0
3456
3024
0
3420
3024
0
3456
2988
0
3492
2988
0
3492
3024
0
3456
3024
0
3492
2988
0
3528
2988
0
3528
3024
0
3492
3024
0
3528
2988
0
3564
2988
0
3564
3024
0
3528
3024
0
3564
2988
0
3600
2988
0
3600
3024
0
3564
3024
0
3600
2988
0
3636
2988
0
3636
3024
0
3600
3024
0
3636
2988
0
3672
2988
0
3672
3024
0
3636
3024
0
3672
2988
0
3708
2988
0
3708
3024
0
3672
3024
0
3708
2988
0
3744
2988
0
3744
3024
0
3708
3024
0
3744
2988
0
3780
2988
0
3780
3024
0
3744
3024
0
3780
2988
0
3816
2988
0
3816
3024
0
3780
3024
0
3816
2988
0
3852
2988
0
3852
3024
0
3816
3024
0
3852
2988
0
3888
2988
0
3888
3024
0
3852
3024
0
3888
2988
0
3924
2988
0
3924
3024
0
3888
3024
0
3924
2988
0
3960
2988
0
3960
3024
0
3924
3024
0
3960
2988
0
3996
2988
0
3996
3024
0
3960
3024
0
3996
2988
0
4032
2988
0
4032
3024
0
3996
3024
0
4032
2988
0
4068
2988
0
4068
3024
0
4032
3024
0
4068
2988
0
4104
2988
0
4104
3024
0
4068
3024
0
4104
2988
0
4140
2988
0
4140
3024
0
4104
3024
0
4140
2988
0
4176
2988
0
4176
3024
0
4140
3024
0
4140
3024
0
4176
3024
0
4176
3060
0
4140
3060
0
4140
3060
0
4176
3060
0
4176
3096
0
4140
3096
0
4140
3708
0
4176
3708
0
4176
3744
0
4140
3744
0
4140
3672
0
4176
3672
0
4176
3708
0
4140
3708
0
4140
3636
0
4176
3636
0
4176
3672
0
4140
3672
0
4140
3600
0
4176
3600
0
4176
3636
0
4140
3636
0
4140
3564
0
4176
3564
0
4176
3600
0
4140
3600
0
4140
3528
0
4176
3528
0
4176
3564
0
4140
3564
0
4140
3492
0
4176
3492
0
4176
3528
0
4140
3528
0
4140
3456
0
4176
3456
0
4176
3492
0
4140
3492
0
4140
3420
0
4176
3420
0
4176
3456
0
4140
3456
0
4140
3384
0
4176
3384
0
4176
3420
0
4140
3420
0
4140
3348
0
4176
3348
0
4176
3384
0
4140
3384
0
4140
3312
0
4176
3312
0
4176
3348
0
4140
3348
0
4140
3276
0
4176
3276
0
4176
3312
0
4140
3312
0
4140
3240
0
4176
3240
0
4176
3276
0
4140
3276
0
4140
3096
0
4176
3096
0
4176
3132
0
4140
3132
0
4140
3132
0
4176
3132
0
4176
3168
0
4140
3168
0
4140
3168
0
4176
3168
0
4176
3204
0
4140
3204
0
4140
3204
0
4176
3204
0
4176
3240
0
4140
3240
0
12
1728
3528
0
1764
3528
0
1764
3564
0
1728
3564
0
1764
3528
0
1800
3528
0
1800
3564
0
1764
3564
0
1800
3528
0
1836
3528
0
1836
3564
0
1800
3564
0
1836
3528
0
1872
3528
0
1872
3564
0
1836
3564
0
1872
3528
0
1908
3528
0
1908
3564
0
1872
3564
0
1908
3528
0
1944
3528
0
1944
3564
0
1908
3564
0
2124
3420
0
2160
3420
0
2160
3456
0
2124
3456
0
2160
3420
0
2196
3420
0
2196
3456
0
2160
3456
0
2196
3420
0
2232
3420
0
2232
3456
0
2196
3456
0
2232
3420
0
2268
3420
0
2268
3456
0
2232
3456
0
2268
3420
0
2304
3420
0
2304
3456
0
2268
3456
0
2304
3420
0
2340
3420
0
2340
3456
0
2304
3456
0
