95
40
102
1458
3690
0

0
96
102
3474
3690
0

0
32
102
1170
3690
0

0
33
102
1206
3690
0

0
34
102
1242
3690
0

0
35
102
1278
3690
0

0
36
102
1314
3690
0

0
37
102
1350
3690
0

0
38
102
1386
3690
0

0
39
102
1422
3690
0

0
41
102
1494
3690
0

0
42
102
1530
3690
0

0
43
102
1566
3690
0

0
44
102
1602
3690
0

0
45
102
1638
3690
0

0
46
102
1674
3690
0

0
47
102
1710
3690
0

0
48
102
1746
3690
0

0
48
97
1746
3510
0

0
49
102
1782
3690
0

0
49
97
1782
3510
0

0
50
102
1818
3690
0

0
50
97
1818
3510
0

0
51
102
1854
3690
0

0
51
97
1854
3510
0

0
52
102
1890
3690
0

0
52
97
1890
3510
0

0
53
102
1926
3690
0

0
53
97
1926
3510
0

0
55
102
1998
3690
0

3
58
99
2106
3582
0

3
57
100
2070
3618
0

2
56
101
2034
3654
0

2
54
102
1962
3690
0

0
59
99
2142
3582
0

0
59
94
2142
3402
0

0
60
99
2178
3582
0

0
60
94
2178
3402
0

0
61
99
2214
3582
0

0
61
94
2214
3402
0

0
62
99
2250
3582
0

0
62
94
2250
3402
0

0
63
99
2286
3582
0

0
63
94
2286
3402
0

0
64
99
2322
3582
0

0
64
94
2322
3402
0

0
65
99
2358
3582
0

0
66
99
2394
3582
0

0
67
99
2430
3582
0

0
68
99
2466
3582
0

0
69
91
2502
3294
0

0
70
91
2538
3294
0

0
71
91
2574
3294
0

0
72
91
2610
3294
0

0
73
91
2646
3294
0

0
74
91
2682
3294
0

0
75
91
2718
3294
0

0
76
91
2754
3294
0

0
77
91
2790
3294
0

0
78
91
2826
3294
0

0
79
91
2862
3294
0

0
80
91
2898
3294
0

0
81
91
2934
3294
0

0
82
91
2970
3294
0

0
83
91
3006
3294
0

0
84
91
3042
3294
0

0
85
91
3078
3294
0

0
86
102
3114
3690
0

0
87
102
3150
3690
0

0
88
102
3186
3690
0

0
89
102
3222
3690
0

0
90
102
3258
3690
0

0
91
102
3294
3690
0

0
92
102
3330
3690
0

0
93
102
3366
3690
0

0
94
102
3402
3690
0

0
95
102
3438
3690
0

0
97
102
3510
3690
0

0
98
102
3546
3690
0

0
99
102
3582
3690
0

0
100
102
3618
3690
0

0
101
102
3654
3690
0

0
102
102
3690
3690
0

0
103
102
3726
3690
0

0
104
102
3762
3690
0

0
105
102
3798
3690
0

0
106
102
3834
3690
0

0
107
102
3870
3690
0

0
108
102
3906
3690
0

0
109
102
3942
3690
0

0
110
102
3978
3690
0

0
111
102
4014
3690
0

0
112
102
4050
3690
0

0
113
102
4086
3690
0

0
114
102
4122
3690
0

0
