1013
0
1458
3474
0

676
0
1494
3222
0

621
0
1494
3258
0

621
0
1494
3294
0

621
0
1494
3330
0

621
0
1494
3366
0

621
0
1494
3402
0

621
0
1494
3438
0

621
0
1494
3474
0

621
0
2214
3582
0

498
0
2250
3582
0

498
0
2286
3582
0

498
0
2322
3582
0

499
0
2358
3582
0

499
0
2394
3582
0

499
0
2430
3582
0

499
0
2466
3582
0

499
0
1494
3510
0

674
0
1494
3546
0

709
0
1458
3546
0

708
0
1458
3510
0

689
0
1278
3474
0

629
0
1422
3474
0

629
0
1314
3474
0

629
0
1242
3474
0

629
0
1386
3474
0

629
0
1350
3474
0

629
0
1206
3474
0

629
0
1170
3474
0

629
0
1530
3258
0

1022
0
1458
3654
0

1006
0
1494
3618
0

775
0
1458
3618
0

774
0
1494
3582
0

758
0
1494
3654
0

1007
0
1494
3690
0

1007
0
1458
3582
0

757
0
1422
3654
0

291
0
1386
3654
0

291
0
1350
3654
0

291
0
1314
3654
0

291
0
1278
3654
0

291
0
1242
3654
0

291
0
1206
3654
0

291
0
1170
3654
0

291
0
1458
3690
0

11
0
1422
3690
0

358
0
1386
3690
0

358
0
1350
3690
0

358
0
1314
3690
0

358
0
1278
3690
0

358
0
1242
3690
0

358
0
1206
3690
0

358
0
1170
3690
0

358
0
1422
3618
0

7
0
1386
3618
0

7
0
1350
3618
0

7
0
1314
3618
0

7
0
1278
3618
0

7
0
1242
3618
0

7
0
1206
3618
0

7
0
1170
3618
0

7
0
1422
3546
0

330
0
1386
3546
0

330
0
1350
3546
0

330
0
1314
3546
0

330
0
1278
3546
0

330
0
1242
3546
0

330
0
1206
3546
0

330
0
1170
3546
0

330
0
1170
3510
0

756
0
1386
3510
0

756
0
1350
3510
0

756
0
1314
3510
0

756
0
1278
3510
0

756
0
1242
3510
0

756
0
1206
3510
0

756
0
1422
3510
0

755
0
1422
3582
0

22
0
1386
3582
0

22
0
1350
3582
0

22
0
1314
3582
0

22
0
1278
3582
0

22
0
1242
3582
0

22
0
1206
3582
0

22
0
1170
3582
0

22
0
1170
3726
0

484
0
1242
3726
0

484
0
1314
3726
0

484
0
1386
3726
0

484
0
1458
3726
0

484
0
1206
3726
0

481
0
1278
3726
0

481
0
1350
3726
0

481
0
1422
3726
0

481
0
1494
3726
0

481
0
1494
3762
0

498
0
1458
3762
0

498
0
1422
3762
0

498
0
1386
3762
0

498
0
1350
3762
0

498
0
1314
3762
0

498
0
1278
3762
0

498
0
1242
3762
0

498
0
1206
3762
0

498
0
1170
3762
0

498
0
1530
3762
0

731
0
1566
3762
0

731
0
1602
3762
0

731
0
1638
3762
0

731
0
1674
3762
0

731
0
1710
3762
0

731
0
1746
3762
0

731
0
1782
3762
0

731
0
1818
3762
0

731
0
1854
3762
0

731
0
1890
3762
0

731
0
1926
3762
0

731
0
1962
3762
0

731
0
1998
3726
0

744
0
2034
3726
0

745
0
1998
3762
0

729
0
2034
3762
0

729
0
2466
3654
0

729
0
2250
3618
0

732
0
2286
3618
0

732
0
2322
3618
0

732
0
2358
3618
0

732
0
2394
3618
0

732
0
2430
3618
0

732
0
2466
3618
0

732
0
2214
3654
0

729
0
2250
3654
0

729
0
2286
3654
0

729
0
2322
3654
0

729
0
2358
3654
0

729
0
2394
3654
0

729
0
2430
3654
0

729
0
2214
3618
0

723
0
2502
3582
0

506
0
2502
3546
0

506
0
2502
3510
0

506
0
2502
3474
0

506
0
2502
3438
0

506
0
2502
3402
0

506
0
2502
3366
0

506
0
2502
3330
0

497
0
2538
3330
0

498
0
2574
3330
0

498
0
2610
3330
0

498
0
2646
3330
0

498
0
2682
3330
0

498
0
2718
3330
0

498
0
2754
3330
0

498
0
2790
3330
0

498
0
2826
3330
0

498
0
2862
3330
0

498
0
2898
3330
0

498
0
2934
3330
0

498
0
2970
3330
0

498
0
3006
3330
0

498
0
3042
3330
0

498
0
3222
3114
0

823
0
3078
3366
0

507
0
3078
3402
0

507
0
3078
3438
0

507
0
3078
3474
0

507
0
3078
3510
0

507
0
3078
3546
0

507
0
3078
3582
0

507
0
3078
3618
0

507
0
3078
3654
0

507
0
3078
3690
0

507
0
2574
3294
0

760
0
2502
3618
0

524
0
2502
3294
0

760
0
2610
3294
0

760
0
2538
3294
0

760
0
3078
3294
0

760
0
3042
3294
0

760
0
3006
3294
0

760
0
2970
3294
0

760
0
2934
3294
0

760
0
2898
3294
0

760
0
2862
3294
0

760
0
2826
3294
0

760
0
2790
3294
0

760
0
2754
3294
0

760
0
2718
3294
0

760
0
2682
3294
0

760
0
2646
3294
0

760
0
2502
3258
0

762
0
2538
3258
0

762
0
2574
3258
0

762
0
2610
3258
0

762
0
2646
3258
0

762
0
2682
3258
0

762
0
2718
3258
0

762
0
2754
3258
0

762
0
2790
3258
0

762
0
2826
3258
0

762
0
2862
3258
0

762
0
2898
3258
0

762
0
2934
3258
0

762
0
2970
3258
0

762
0
3006
3258
0

762
0
3042
3258
0

762
0
3078
3258
0

762
0
3114
3258
0

762
0
3150
3258
0

762
0
3186
3258
0

762
0
3222
3258
0

762
0
3258
3258
0

762
0
3294
3258
0

762
0
3330
3258
0

762
0
3402
3258
0

762
0
3438
3258
0

762
0
3474
3258
0

762
0
3510
3258
0

762
0
3546
3258
0

762
0
3366
3258
0

762
0
3582
3258
0

762
0
3618
3258
0

762
0
3654
3258
0

762
0
3690
3258
0

762
0
3726
3258
0

762
0
3762
3258
0

762
0
3798
3258
0

762
0
3834
3258
0

762
0
3870
3258
0

762
0
3906
3258
0

762
0
3942
3258
0

762
0
3978
3258
0

762
0
4014
3258
0

762
0
4050
3258
0

762
0
4086
3258
0

762
0
4122
3258
0

762
0
1854
3078
0

380
0
3150
3294
0

761
0
3186
3294
0

761
0
3222
3294
0

761
0
3258
3294
0

761
0
3294
3294
0

761
0
3330
3294
0

761
0
3366
3294
0

761
0
3402
3294
0

761
0
3438
3294
0

761
0
3474
3294
0

761
0
3510
3294
0

761
0
3546
3294
0

761
0
3582
3294
0

761
0
3618
3294
0

761
0
3654
3294
0

761
0
3690
3294
0

761
0
3726
3294
0

761
0
3762
3294
0

761
0
3798
3294
0

761
0
3834
3294
0

761
0
3870
3294
0

761
0
3906
3294
0

761
0
3942
3294
0

761
0
3978
3294
0

761
0
4014
3294
0

761
0
4050
3294
0

761
0
4086
3294
0

761
0
4122
3294
0

761
0
1710
3186
0

805
0
1710
3114
0

393
0
2142
3150
0

794
0
2250
3114
0

783
0
3978
3150
0

380
0
1998
3078
0

807
0
2034
3078
0

803
0
3798
3114
0

403
0
3618
3042
0

403
0
2106
3078
0

792
0
2106
3114
0

796
0
2034
3150
0

793
0
2070
3150
0

794
0
3942
3150
0

378
0
2250
3150
0

781
0
2358
3114
0

790
0
2394
3114
0

791
0
2250
3042
0

788
0
2286
3114
0

415
0
2322
3114
0

417
0
1782
3186
0

836
0
1602
3078
0

437
0
1890
3222
0

410
0
2466
3186
0

824
0
1602
3186
0

437
0
1638
3150
0

437
0
1638
3114
0

437
0
1638
3078
0

437
0
1638
3042
0

437
0
1638
3186
0

437
0
1566
3042
0

437
0
1566
3078
0

437
0
1566
3114
0

437
0
1566
3150
0

437
0
1566
3186
0

437
0
1530
3042
0

437
0
1530
3078
0

437
0
1530
3114
0

437
0
1530
3150
0

437
0
1530
3186
0

437
0
1530
3222
0

437
0
1566
3222
0

437
0
1602
3222
0

437
0
1638
3222
0

437
0
1674
3222
0

437
0
1674
3042
0

437
0
1674
3078
0

437
0
1674
3114
0

437
0
1674
3150
0

437
0
1710
3042
0

437
0
2322
3150
0

470
0
3258
3222
0

437
0
3906
3078
0

403
0
4086
3150
0

380
0
4122
3150
0

381
0
1926
3150
0

404
0
4014
3150
0

381
0
1746
3042
0

437
0
3654
3042
0

403
0
3258
3186
0

437
0
3258
3150
0

437
0
1782
3042
0

437
0
3762
3042
0

403
0
1782
3078
0

381
0
2322
3078
0

403
0
1746
3186
0

824
0
1890
3150
0

404
0
1818
3186
0

816
0
1782
3222
0

836
0
1818
3150
0

437
0
1710
3078
0

378
0
1818
3042
0

437
0
1854
3042
0

437
0
1818
3078
0

378
0
1890
3114
0

395
0
1854
3150
0

437
0
1854
3186
0

437
0
1854
3222
0

437
0
2502
3078
0

410
0
1890
3186
0

437
0
4050
3150
0

378
0
1782
3114
0

395
0
1890
3042
0

437
0
1926
3042
0

437
0
1926
3114
0

437
0
1854
3114
0

394
0
1926
3186
0

437
0
1926
3222
0

437
0
1962
3222
0

437
0
1962
3186
0

437
0
1962
3150
0

437
0
1962
3114
0

437
0
1962
3078
0

437
0
1962
3042
0

437
0
1998
3042
0

437
0
1998
3114
0

437
0
1998
3150
0

437
0
1998
3186
0

437
0
2358
3222
0

409
0
2322
3222
0

409
0
2034
3186
0

437
0
2034
3114
0

437
0
2034
3042
0

437
0
2070
3042
0

437
0
2070
3078
0

437
0
2070
3114
0

437
0
2106
3150
0

795
0
2898
3078
0

404
0
2574
3114
0

404
0
2070
3186
0

797
0
2106
3042
0

437
0
2142
3042
0

437
0
2142
3078
0

437
0
2142
3114
0

437
0
3006
3114
0

404
0
2574
3078
0

404
0
2178
3042
0

437
0
2178
3078
0

437
0
2178
3150
0

810
0
2250
3222
0

404
0
2178
3186
0

437
0
2178
3222
0

437
0
2214
3222
0

437
0
3006
3078
0

404
0
2250
3186
0

437
0
2250
3078
0

437
0
2214
3042
0

437
0
2214
3078
0

437
0
2214
3114
0

437
0
2214
3150
0

437
0
2214
3186
0

437
0
2286
3078
0

437
0
2286
3042
0

437
0
3258
3042
0

437
0
1890
3078
0

381
0
2286
3222
0

437
0
2826
3150
0

397
0
2286
3186
0

797
0
3258
3078
0

437
0
3186
3222
0

403
0
2322
3042
0

437
0
2358
3042
0

437
0
2610
3042
0

403
0
2286
3150
0

465
0
2322
3186
0

824
0
2970
3114
0

383
0
2394
3222
0

437
0
2358
3186
0

823
0
2358
3150
0

801
0
2358
3078
0

793
0
2394
3042
0

437
0
2430
3042
0

437
0
2394
3078
0

794
0
2430
3150
0

803
0
2394
3150
0

802
0
2394
3186
0

824
0
2430
3222
0

437
0
2466
3222
0

437
0
2502
3222
0

437
0
2934
3150
0

404
0
2502
3114
0

437
0
2610
3150
0

814
0
2646
3186
0

410
0
2466
3042
0

437
0
2430
3114
0

806
0
2466
3150
0

437
0
2430
3186
0

823
0
2502
3042
0

437
0
2538
3222
0

437
0
2538
3186
0

437
0
2502
3150
0

813
0
2538
3114
0

437
0
2538
3078
0

437
0
2538
3042
0

437
0
2718
3186
0

403
0
2826
3222
0

404
0
2826
3186
0

404
0
2538
3150
0

814
0
2574
3186
0

437
0
2574
3222
0

437
0
2610
3222
0

437
0
2610
3186
0

437
0
2574
3150
0

814
0
2610
3114
0

437
0
2610
3078
0

437
0
3582
3186
0

404
0
3402
3150
0

382
0
2646
3114
0

804
0
2106
3186
0

811
0
1746
3078
0

380
0
3870
3078
0

403
0
2646
3222
0

437
0
2682
3222
0

437
0
2682
3186
0

437
0
2682
3150
0

437
0
2682
3114
0

437
0
2682
3078
0

437
0
2682
3042
0

437
0
2718
3042
0

437
0
1602
3042
0

404
0
1710
3222
0

797
0
2718
3150
0

437
0
3618
3186
0

404
0
2718
3222
0

437
0
2754
3222
0

437
0
2754
3186
0

437
0
2754
3150
0

437
0
2754
3114
0

437
0
2754
3078
0

437
0
2754
3042
0

437
0
2790
3042
0

437
0
1602
3150
0

410
0
1602
3114
0

410
0
2790
3150
0

437
0
3582
3150
0

404
0
2790
3222
0

437
0
3942
3078
0

404
0
3078
3726
0

718
0
3222
3762
0

731
0
3186
3762
0

731
0
2826
3078
0

437
0
2826
3042
0

437
0
2862
3042
0

437
0
2862
3078
0

437
0
2862
3114
0

437
0
2862
3150
0

437
0
4014
3186
0

395
0
2862
3222
0

437
0
2898
3222
0

437
0
2898
3186
0

437
0
2430
3078
0

830
0
2718
3078
0

404
0
2718
3114
0

404
0
2898
3042
0

437
0
2934
3042
0

437
0
2934
3078
0

437
0
2934
3114
0

437
0
4050
3078
0

404
0
2934
3186
0

437
0
2934
3222
0

437
0
2970
3222
0

437
0
2970
3186
0

437
0
2898
3150
0

397
0
2970
3150
0

397
0
2790
3114
0

410
0
2970
3042
0

437
0
3006
3042
0

437
0
2790
3078
0

410
0
2646
3150
0

825
0
3726
3042
0

403
0
3006
3186
0

437
0
3006
3222
0

437
0
3042
3222
0

437
0
3042
3186
0

437
0
3258
3114
0

437
0
3042
3114
0

437
0
3042
3078
0

437
0
3042
3042
0

437
0
3078
3042
0

437
0
3114
3042
0

437
0
3114
3078
0

437
0
3078
3114
0

790
0
3078
3150
0

801
0
3114
3186
0

437
0
3114
3222
0

437
0
3078
3222
0

437
0
3078
3078
0

437
0
2646
3042
0

804
0
3114
3114
0

791
0
3078
3186
0

437
0
3150
3078
0

437
0
3150
3150
0

803
0
2034
3222
0

409
0
4122
3186
0

395
0
3150
3222
0

437
0
3150
3042
0

437
0
2646
3078
0

804
0
3186
3186
0

437
0
2070
3222
0

409
0
2106
3222
0

409
0
2142
3222
0

409
0
3186
3042
0

437
0
3222
3042
0

437
0
3942
3186
0

393
0
3186
3114
0

824
0
3222
3150
0

437
0
3222
3186
0

437
0
3222
3222
0

437
0
3222
3078
0

404
0
3006
3150
0

410
0
3042
3150
0

410
0
3150
3186
0

404
0
2970
3078
0

410
0
3474
3078
0

410
0
3474
3150
0

410
0
3546
3150
0

382
0
3618
3078
0

410
0
3618
3114
0

410
0
3654
3186
0

410
0
3762
3078
0

410
0
4086
3186
0

394
0
4050
3186
0

393
0
3978
3186
0

394
0
4050
3042
0

410
0
3366
3078
0

410
0
3366
3042
0

403
0
3510
3150
0

378
0
3582
3042
0

403
0
3690
3114
0

403
0
3798
3150
0

403
0
3834
3150
0

403
0
3294
3042
0

403
0
3870
3042
0

403
0
3906
3150
0

403
0
3978
3042
0

403
0
3438
3078
0

404
0
3438
3114
0

404
0
3366
3222
0

404
0
3402
3222
0

404
0
3582
3114
0

404
0
2790
3186
0

404
0
2862
3186
0

404
0
1998
3222
0

409
0
3186
3078
0

409
0
3150
3114
0

806
0
2502
3186
0

837
0
3114
3150
0

802
0
3546
3042
0

409
0
3546
3078
0

409
0
3546
3114
0

409
0
3762
3186
0

397
0
3654
3078
0

409
0
3690
3078
0

409
0
3402
3078
0

404
0
3366
3114
0

404
0
3330
3114
0

404
0
2574
3042
0

403
0
1746
3114
0

394
0
2142
3186
0

821
0
1746
3222
0

824
0
1818
3222
0

837
0
1818
3114
0

393
0
3114
3294
0

1023
0
1674
3186
0

430
0
1710
3150
0

430
0
1746
3150
0

430
0
1782
3150
0

430
0
1926
3078
0

430
0
2178
3114
0

430
0
2466
3078
0

430
0
2466
3114
0

430
0
3186
3150
0

430
0
3294
3078
0

430
0
3294
3114
0

430
0
3294
3150
0

430
0
3294
3186
0

430
0
3294
3222
0

430
0
3330
3222
0

430
0
3330
3186
0

430
0
3330
3150
0

430
0
3330
3078
0

430
0
3330
3042
0

430
0
3510
3186
0

393
0
3402
3114
0

430
0
3366
3150
0

378
0
3402
3042
0

430
0
3438
3186
0

430
0
3438
3150
0

430
0
3438
3042
0

430
0
3474
3042
0

430
0
3474
3114
0

430
0
3474
3186
0

430
0
3510
3078
0

430
0
3546
3186
0

395
0
3510
3042
0

430
0
3510
3114
0

430
0
3402
3186
0

395
0
3474
3222
0

430
0
3438
3222
0

430
0
3510
3222
0

430
0
3546
3222
0

430
0
3618
3150
0

430
0
3582
3078
0

430
0
3618
3222
0

430
0
3654
3150
0

430
0
3654
3114
0

430
0
3582
3222
0

430
0
3690
3186
0

430
0
3150
3762
0

731
0
3114
3762
0

731
0
3726
3114
0

430
0
3726
3078
0

430
0
3690
3150
0

430
0
3654
3222
0

430
0
3690
3222
0

430
0
3726
3222
0

430
0
3798
3186
0

430
0
3762
3114
0

430
0
3114
3726
0

723
0
3762
3222
0

430
0
3798
3222
0

430
0
3834
3114
0

430
0
3798
3078
0

430
0
3798
3042
0

430
0
3690
3042
0

430
0
3834
3042
0

430
0
3834
3078
0

430
0
3834
3186
0

430
0
3834
3222
0

430
0
3870
3186
0

430
0
3870
3150
0

430
0
3870
3114
0

430
0
3870
3222
0

430
0
3906
3186
0

430
0
3906
3114
0

430
0
3942
3114
0

430
0
3978
3078
0

430
0
4014
3042
0

430
0
3942
3042
0

430
0
3906
3222
0

430
0
3906
3042
0

430
0
4014
3078
0

430
0
4014
3114
0

430
0
3978
3114
0

430
0
4050
3114
0

430
0
4086
3114
0

430
0
4086
3078
0

430
0
4086
3042
0

430
0
4122
3042
0

430
0
4122
3078
0

430
0
4122
3114
0

430
0
4122
3222
0

430
0
4086
3222
0

430
0
4050
3222
0

430
0
4014
3222
0

430
0
3978
3222
0

430
0
3942
3222
0

430
0
3078
3330
0

500
0
1494
3186
0

485
0
1494
3150
0

485
0
1494
3114
0

485
0
1494
3078
0

485
0
1494
3042
0

485
0
3078
3762
0

731
0
3150
3726
0

723
0
3186
3726
0

723
0
3222
3726
0

723
0
3258
3726
0

723
0
3294
3726
0

723
0
3330
3726
0

723
0
3366
3726
0

723
0
3402
3726
0

723
0
3438
3726
0

723
0
3474
3726
0

723
0
3510
3726
0

723
0
3546
3726
0

723
0
3582
3726
0

723
0
3618
3726
0

723
0
3654
3726
0

723
0
3690
3726
0

723
0
3726
3726
0

723
0
3762
3726
0

723
0
3798
3726
0

723
0
3834
3726
0

723
0
3870
3726
0

723
0
3906
3726
0

723
0
3942
3726
0

723
0
3978
3726
0

723
0
4014
3726
0

723
0
4050
3726
0

723
0
4086
3726
0

723
0
4122
3726
0

723
0
4122
3762
0

731
0
4086
3762
0

731
0
4050
3762
0

731
0
4014
3762
0

731
0
3978
3762
0

731
0
3942
3762
0

731
0
3906
3762
0

731
0
3870
3762
0

731
0
3834
3762
0

731
0
3798
3762
0

731
0
3762
3762
0

731
0
3726
3762
0

731
0
3690
3762
0

731
0
3654
3762
0

731
0
3618
3762
0

731
0
3582
3762
0

731
0
3546
3762
0

731
0
3510
3762
0

731
0
3474
3762
0

731
0
3438
3762
0

731
0
3402
3762
0

731
0
3366
3762
0

731
0
3330
3762
0

731
0
3294
3762
0

731
0
3258
3762
0

731
0
2826
3114
0

383
0
2898
3114
0

383
0
3726
3150
0

383
0
3762
3150
0

383
0
3726
3186
0

397
0
3366
3186
0

393
0
3510
3510
0

351
0
3546
3510
0

351
0
3582
3510
0

351
0
3618
3510
0

351
0
3654
3510
0

351
0
3690
3510
0

351
0
3726
3510
0

351
0
3762
3510
0

351
0
3798
3510
0

351
0
3834
3510
0

351
0
3870
3510
0

351
0
3906
3510
0

351
0
3942
3510
0

351
0
3978
3510
0

351
0
4014
3510
0

351
0
4050
3510
0

351
0
4086
3510
0

351
0
4122
3510
0

351
0
3510
3582
0

352
0
3546
3582
0

352
0
3582
3582
0

352
0
3618
3582
0

352
0
3654
3582
0

352
0
3690
3582
0

352
0
3726
3582
0

352
0
3762
3582
0

352
0
3798
3582
0

352
0
3834
3582
0

352
0
3870
3582
0

352
0
3906
3582
0

352
0
3942
3582
0

352
0
3978
3582
0

352
0
4014
3582
0

352
0
4050
3582
0

352
0
4086
3582
0

352
0
4122
3582
0

352
0
3510
3546
0

334
0
3546
3546
0

334
0
3582
3546
0

334
0
3618
3546
0

334
0
3654
3546
0

334
0
3690
3546
0

334
0
3726
3546
0

334
0
3762
3546
0

334
0
3798
3546
0

334
0
3834
3546
0

334
0
3870
3546
0

334
0
3906
3546
0

334
0
3942
3546
0

334
0
3978
3546
0

334
0
4014
3546
0

334
0
4050
3546
0

334
0
4086
3546
0

334
0
4122
3546
0

334
0
3510
3618
0

337
0
3546
3618
0

337
0
3582
3618
0

337
0
3618
3618
0

337
0
3654
3618
0

337
0
3690
3618
0

337
0
3726
3618
0

337
0
3762
3618
0

337
0
3798
3618
0

337
0
3834
3618
0

337
0
3870
3618
0

337
0
3906
3618
0

337
0
3942
3618
0

337
0
3978
3618
0

337
0
4014
3618
0

337
0
4050
3618
0

337
0
4086
3618
0

337
0
4122
3618
0

337
0
4086
3330
0

355
0
4122
3330
0

355
0
4050
3330
0

355
0
4014
3330
0

355
0
3978
3330
0

355
0
3942
3330
0

355
0
3906
3330
0

355
0
3870
3330
0

355
0
3834
3330
0

355
0
3798
3330
0

355
0
3762
3330
0

355
0
3726
3330
0

355
0
3690
3330
0

355
0
3654
3330
0

355
0
3618
3330
0

355
0
3582
3330
0

355
0
3546
3330
0

355
0
3510
3330
0

355
0
3510
3402
0

273
0
3546
3438
0

281
0
3582
3438
0

281
0
3618
3438
0

281
0
3654
3438
0

281
0
3690
3438
0

281
0
3726
3438
0

281
0
3762
3438
0

281
0
3906
3438
0

281
0
3942
3438
0

281
0
3978
3438
0

281
0
4014
3438
0

281
0
4050
3438
0

281
0
4086
3438
0

281
0
4122
3438
0

281
0
3870
3438
0

281
0
3834
3438
0

281
0
3798
3438
0

281
0
3834
3402
0

273
0
3546
3402
0

273
0
3582
3402
0

273
0
3618
3402
0

273
0
3654
3402
0

273
0
3690
3402
0

273
0
3726
3402
0

273
0
3798
3402
0

273
0
3870
3402
0

273
0
3762
3402
0

273
0
3942
3402
0

273
0
4014
3402
0

273
0
4086
3402
0

273
0
4122
3402
0

273
0
4050
3402
0

273
0
3978
3402
0

273
0
3906
3402
0

273
0
3510
3438
0

281
0
3510
3366
0

282
0
3546
3366
0

282
0
3582
3366
0

282
0
3618
3366
0

282
0
3654
3366
0

282
0
3690
3366
0

282
0
3726
3366
0

282
0
3762
3366
0

282
0
3798
3366
0

282
0
3834
3366
0

282
0
3906
3366
0

282
0
3978
3366
0

282
0
4014
3366
0

282
0
4050
3366
0

282
0
4086
3366
0

282
0
4122
3366
0

282
0
3942
3366
0

282
0
3870
3366
0

282
0
4014
3690
0

366
0
3510
3474
0

354
0
3546
3474
0

354
0
3978
3690
0

366
0
3942
3690
0

366
0
3906
3690
0

366
0
3870
3690
0

366
0
3834
3690
0

366
0
3798
3690
0

366
0
3762
3690
0

366
0
3726
3690
0

366
0
3690
3690
0

366
0
3654
3690
0

366
0
3618
3690
0

366
0
4050
3690
0

366
0
4086
3690
0

366
0
4122
3690
0

366
0
3582
3474
0

354
0
4086
3474
0

354
0
4050
3474
0

354
0
4014
3474
0

354
0
3978
3474
0

354
0
3942
3474
0

354
0
3906
3474
0

354
0
3870
3474
0

354
0
3834
3474
0

354
0
3798
3474
0

354
0
3762
3474
0

354
0
3726
3474
0

354
0
3690
3474
0

354
0
3654
3474
0

354
0
3618
3474
0

354
0
4122
3474
0

354
0
3510
3654
0

352
0
3546
3654
0

352
0
3582
3654
0

352
0
3618
3654
0

352
0
3654
3654
0

352
0
3690
3654
0

352
0
3726
3654
0

352
0
3762
3654
0

352
0
3798
3654
0

352
0
3834
3654
0

352
0
3870
3654
0

352
0
3906
3654
0

352
0
3942
3654
0

352
0
3978
3654
0

352
0
4014
3654
0

352
0
4050
3654
0

352
0
4086
3654
0

352
0
4122
3654
0

352
1
1530
3726
0

723
1
1566
3726
0

723
1
1602
3726
0

723
1
1638
3726
0

723
1
1674
3726
0

723
1
1710
3726
0

723
1
1746
3726
0

723
1
1782
3726
0

723
1
1818
3726
0

723
1
1854
3726
0

723
1
1890
3726
0

723
1
1926
3726
0

723
1
1962
3726
0

723
1
4122
3654
0

368
1
3510
3690
0

368
1
3546
3690
0

368
1
4086
3654
0

368
1
3510
3654
0

368
1
3546
3654
0

368
1
3582
3654
0

368
1
4050
3654
0

368
1
4014
3654
0

368
1
3978
3654
0

368
1
3942
3654
0

368
1
3906
3654
0

368
1
3798
3654
0

368
1
3834
3654
0

368
1
3870
3654
0

368
1
4122
3690
0

368
1
4086
3690
0

368
1
4050
3690
0

368
1
4014
3690
0

368
1
3978
3690
0

368
1
3942
3690
0

368
1
3906
3690
0

368
1
3870
3690
0

368
1
3834
3690
0

368
1
3798
3690
0

368
1
3762
3690
0

368
1
3726
3690
0

368
1
3690
3690
0

368
1
3654
3690
0

368
1
3618
3690
0

368
1
3582
3690
0

368
1
3618
3654
0

368
1
3654
3654
0

368
1
3690
3654
0

368
1
3726
3654
0

368
1
3762
3654
0

368
