127
0
846
1998
0

239
0
882
1998
0

240
0
846
2034
0

256
0
882
2034
0

257
0
846
1962
0

233
0
846
2070
0

233
0
882
1962
0

233
0
882
2070
0

233
0
918
1962
0

234
0
918
1998
0

234
0
918
2034
0

234
0
954
1962
0

235
0
954
1998
0

235
0
954
2034
0

235
0
918
2070
0

251
0
954
2070
0

252
0
990
1962
0

198
0
1026
1962
0

199
0
990
1998
0

233
0
1026
1998
0

233
0
1026
2034
0

233
0
990
2034
0

233
0
990
2070
0

233
0
1026
2070
0

233
0
918
1926
0

216
0
954
1926
0

218
0
846
1926
0

216
0
882
1926
0

218
0
990
1926
0

216
0
1062
1926
0

216
0
1134
1926
0

216
0
1206
1926
0

216
0
1026
1926
0

218
0
1098
1926
0

218
0
1170
1926
0

218
0
1062
1962
0

316
0
1134
1962
0

318
0
1098
1962
0

317
0
1062
1998
0

55
0
1098
1998
0

56
0
1134
1998
0

57
0
1062
2034
0

81
0
1098
2034
0

82
0
1134
2034
0

84
0
1134
2070
0

107
0
1098
2070
0

106
0
1062
2070
0

104
0
1170
1962
0

198
0
1206
1962
0

199
0
1170
1998
0

203
0
1206
1998
0

203
0
1206
2034
0

203
0
1170
2034
0

203
0
1170
2070
0

203
0
1206
2070
0

203
0
846
2106
0

268
0
882
2106
0

268
0
918
2106
0

268
0
954
2106
0

268
0
990
2106
0

268
0
1026
2106
0

268
0
1062
2106
0

268
0
1098
2106
0

268
0
1134
2106
0

268
0
1170
2106
0

268
0
1206
2106
0

268
0
1278
1998
0

86
0
1278
2034
0

86
0
1278
2070
0

86
0
1278
2106
0

86
0
1242
1998
0

87
0
1242
2034
0

87
0
1242
2070
0

87
0
1242
2106
0

87
0
1278
1962
0

432
0
1242
1962
0

425
0
1242
1926
0

407
0
1242
1890
0

407
0
1278
1926
0

408
0
1278
1890
0

408
0
846
1890
0

333
0
918
1890
0

333
0
990
1890
0

333
0
1062
1890
0

333
0
1134
1890
0

333
0
1206
1890
0

333
0
882
1890
0

327
0
954
1890
0

327
0
1026
1890
0

327
0
1098
1890
0

327
0
1170
1890
0

327
0
1314
1962
0

225
0
1314
1998
0

225
0
1314
2034
0

225
0
1314
2070
0

225
0
1350
1962
0

243
0
1386
1962
0

244
0
1422
1962
0

245
0
1350
1998
0

261
0
1386
1998
0

262
0
1422
1998
0

263
0
1350
2034
0

280
0
1386
2034
0

281
0
1422
2034
0

282
0
1350
2070
0

233
0
1386
2070
0

233
0
1422
2070
0

233
0
1458
1962
0

233
0
1458
1998
0

233
0
1458
2034
0

233
0
1458
2070
0

233
0
1494
2070
0

233
0
1530
2070
0

233
0
1494
1962
0

231
0
1530
1962
0

232
0
1494
1998
0

241
0
1530
1998
0

242
0
1494
2034
0

238
0
1530
2034
0

255
0
1566
1962
0

204
0
1602
1962
0

205
0
1566
2070
0

251
0
1602
2070
0

252
0
1566
1998
0

234
0
1566
2034
0

234
0
1602
1998
0

235
0
1602
2034
0

235
