77
182
398
0
342
645
0
247
786
0
728
866
0
86
564
0
858
490
0
858
490
0
656
304
0
977
201
0
1263
361
0
1263
362
0
1237
656
0
1237
659
0
1237
661
0
1237
662
0
1236
664
0
1236
665
0
1236
670
0
1237
656
0
1208
853
0
1208
853
0
1208
854
0
1207
857
0
1490
602
0
1490
603
0
1581
376
0
1581
376
0
1584
368
0
1584
367
0
1583
365
0
1386
209
0
1384
208
0
1375
208
0
1374
208
0
1386
209
0
549
686
0
1374
209
0
859
694
0
858
694
0
1091
629
0
821
368
0
820
367
0
821
368
0
616
162
0
614
162
0
401
223
0
401
223
0
355
349
0
355
349
0
257
201
0
257
201
0
177
248
0
177
249
0
80
327
0
80
327
0
112
568
0
112
569
0
99
745
0
99
748
0
99
750
0
99
751
0
101
867
0
99
745
0
101
867
0
102
868
0
102
870
0
320
951
0
638
1011
0
1006
1029
0
1309
1004
0
1652
963
0
1721
754
0
102
871
0
1721
753
0
1713
445
0
1701
291
0
1700
290
0
1564
180
0
1563
179
0
1562
178
0
1560
176
0
1559
176
0
1564
180
0
1302
102
0
1558
176
0
1301
102
0
1064
84
0
829
81
0
829
81
0
828
81
0
479
73
0
465
73
0
479
73
0
297
92
0
460
73
0
296
92
0
135
124
0
47
212
0
47
213
0
608
396
0
608
396
0
694
636
0
696
638
0
807
790
0
807
791
0
810
796
0
810
797
0
933
865
0
806
788
0
933
865
0
1030
937
0
1425
957
0
933
866
0
1384
720
0
1384
718
0
1384
717
0
1382
714
0
1382
713
0
1384
720
0
1376
577
0
1376
577
0
1375
571
0
1144
484
0
973
337
0
1374
568
0
869
198
0
870
199
0
969
102
0
1194
94
0
1218
218
0
1218
218
0
1218
221
0
1404
340
0
1454
441
0
1763
593
0
1678
676
0
1849
222
0
1706
139
0
1678
677
0
1582
648
0
1582
649
0
1540
828
0
1582
648
0
1540
828
0
1393
889
0
1254
907
0
1254
907
0
1253
907
0
1026
817
0
1004
711
0
1004
711
0
1004
585
0
1004
585
0
886
580
0
