45
401
473
0
316
697
0
316
697
0
865
534
0
885
531
0
887
530
0
891
530
0
921
526
0
930
526
0
931
526
0
931
527
0
1065
796
0
865
534
0
1065
796
0
1069
811
0
1071
820
0
1071
821
0
1072
821
0
1334
443
0
1333
440
0
1334
444
0
886
266
0
886
266
0
881
265
0
877
264
0
868
264
0
468
224
0
467
224
0
468
224
0
307
229
0
459
224
0
305
229
0
468
840
0
472
842
0
475
844
0
476
844
0
478
844
0
478
845
0
468
840
0
569
552
0
569
551
0
670
312
0
670
310
0
670
308
0
670
312
0
728
220
0
728
219
0
1156
448
0
1165
202
0
1156
448
0
1156
450
0
1156
452
0
1281
644
0
1282
647
0
1282
648
0
1283
651
0
1284
655
0
1284
658
0
1284
661
0
1286
661
0
1281
644
0
1402
791
0
1402
791
0
1404
792
0
1404
793
0
1636
663
0
1636
666
0
1622
462
0
1622
462
0
1622
461
0
1621
459
0
1620
459
0
627
807
0
870
851
0
627
808
0
806
970
0
807
970
0
594
1008
0
731
665
0
726
497
0
572
390
0
602
239
0
803
974
0
604
239
0
842
134
0
845
134
0
846
133
0
847
133
0
842
134
0
1102
122
0
