53
0
368
240
0

21
0
208
688
0

21
0
592
176
0

21
0
752
176
0

21
0
560
624
0

21
0
1008
240
0

21
0
976
560
0

21
0
1104
272
0

21
0
1104
304
0

21
0
1104
656
0

21
0
1072
656
0

21
0
240
976
0

17
0
304
496
0

17
0
176
368
0

17
0
560
400
0

17
0
720
688
0

17
0
688
912
0

17
0
1072
848
0

17
0
1392
560
0

17
0
784
304
0

17
0
368
912
0

22
0
496
624
0

22
0
400
400
0

22
0
368
400
0

22
0
464
912
0

18
0
624
656
0

18
0
1296
464
0

18
0
1296
336
0

18
0
1296
304
0

18
0
528
80
0

18
0
880
80
0

18
0
848
240
0

18
0
912
400
0

18
0
912
432
0

18
0
944
432
0

18
0
1040
464
0

18
0
1072
528
0

18
0
1168
336
0

18
0
1328
176
0

18
0
1488
432
0

18
0
176
816
0

21
0
528
656
0

21
0
592
656
0

21
0
624
656
0

21
0
656
624
0

21
0
816
848
0

6
0
1520
464
0

6
0
1456
144
0

6
0
1424
144
0

6
0
1424
112
0

6
0
1072
16
0

6
0
1552
272
0

6
0
240
208
0

6
