18
951
1943
0
1066
1818
0
1066
1818
0
1016
2069
0
1016
2070
0
1145
1964
0
1134
2144
0
1134
2145
0
921
2181
0
863
1783
0
825
1984
0
819
2031
0
948
2055
0
1175
1890
0
1149
1758
0
1149
1758
0
1148
1758
0
1182
1843
0
1213
1793
0
1233
1871
0
1239
1968
0
1206
2049
0
1075
2193
0
1161
2106
0
1121
2248
0
1058
2138
0
1035
2236
0
1035
2236
0
1034
2236
0
1033
2236
0
1033
2237
0
1033
2240
0
1031
2243
0
974
2304
0
974
2304
0
973
2304
0
33
822
2272
0
912
2262
0
983
2237
0
1005
2128
0
1005
2128
0
834
2191
0
760
1957
0
775
1795
0
775
1795
0
941
1686
0
1034
1683
0
1034
1682
0
1294
1675
0
1342
1904
0
1342
1905
0
1329
2038
0
1302
2127
0
1253
2195
0
1253
2196
0
1163
2284
0
1164
2284
0
1165
2284
0
1303
2285
0
1383
2184
0
1437
2052
0
1442
1858
0
1259
1598
0
1259
1597
0
1129
1635
0
1129
1636
0
949
1586
0
1120
1588
0
1217
1595
0
1342
1614
0
1243
1659
0
1242
1659
0
1161
1700
0
1085
1763
0
1016
1778
0
936
1786
0
936
1786
0
936
1785
0
817
1603
0
999
1512
0
1394
1631
0
1403
1769
0
1403
1771
0
1425
2117
0
1425
2118
0
1246
2095
0
1099
2118
0
1099
2117
0
1058
2189
0
1058
2189
0
1030
2282
0
1030
2283
0
956
2329
0
956
2330
0
858
2333
0
760
2287
0
760
2287
0
759
2285
0
759
2286
0
764
2158
0
742
2043
0
714
1949
0
