27
9
1305
3297
0

1
1
8
4420
3467
0

1
1
3
1474
3014
0

1
1
3
1705
3016
0

-1
1
4
1423
3316
0

-1
1
3
2117
3019
0

1
2
7
2020
3024
0

-1
2
2
2278
3009
0

1
2
3
2475
3018
0

1
3
3
1982
3308
0

1
1
0
2253
3448
0

1
1
3
2960
3455
0

-1
1
3
3070
3454
0

-1
1
2
2828
3441
0

-1
3
13
2844
3469
0

-1
3
13
2914
3482
0

-1
3
13
2992
3462
0

-1
3
13
3085
3486
0

-1
3
13
3178
3483
0

-1
3
13
3276
3479
0

-1
3
13
3382
3481
0

-1
3
3
2505
3443
0

-1
1
3
3584
3452
0

-1
1
17
1859
3261
0

1
0
17
1858
2977
0

1
0
17
2614
2976
0

1
0
17
2613
3408
0

1
0
