296
32
137
1170
4950
0

0
32
153
1170
5526
0

0
88
153
3186
5526
0

0
27
137
990
4950
0

0
27
153
990
5526
0

0
28
137
1026
4950
0

0
28
153
1026
5526
0

0
29
137
1062
4950
0

0
29
153
1062
5526
0

0
30
137
1098
4950
0

0
30
153
1098
5526
0

0
31
137
1134
4950
0

0
31
153
1134
5526
0

0
33
137
1206
4950
0

0
33
153
1206
5526
0

0
34
137
1242
4950
0

3
34
153
1242
5526
0

0
35
137
1278
4950
0

0
35
153
1278
5526
0

0
35
138
1278
4986
0

2
36
137
1314
4950
0

0
36
153
1314
5526
0

0
36
139
1314
5022
0

2
37
137
1350
4950
0

0
37
153
1350
5526
0

0
37
140
1350
5058
0

2
38
137
1386
4950
0

0
38
153
1386
5526
0

0
38
141
1386
5094
0

2
39
137
1422
4950
0

0
39
153
1422
5526
0

0
39
142
1422
5130
0

2
40
137
1458
4950
0

0
40
153
1458
5526
0

0
40
143
1458
5166
0

2
41
137
1494
4950
0

0
41
153
1494
5526
0

0
41
144
1494
5202
0

2
42
137
1530
4950
0

0
42
145
1530
5238
0

3
42
153
1530
5526
0

0
43
137
1566
4950
0

0
43
145
1566
5238
0

0
43
153
1566
5526
0

0
44
137
1602
4950
0

0
44
145
1602
5238
0

0
44
153
1602
5526
0

0
45
137
1638
4950
0

0
45
145
1638
5238
0

0
45
153
1638
5526
0

0
46
137
1674
4950
0

0
46
145
1674
5238
0

0
46
153
1674
5526
0

0
47
137
1710
4950
0

0
47
145
1710
5238
0

0
47
153
1710
5526
0

0
48
137
1746
4950
0

0
48
145
1746
5238
0

0
48
153
1746
5526
0

0
49
137
1782
4950
0

0
49
145
1782
5238
0

0
49
153
1782
5526
0

0
50
137
1818
4950
0

0
50
145
1818
5238
0

0
50
153
1818
5526
0

0
51
137
1854
4950
0

0
51
145
1854
5238
0

0
51
153
1854
5526
0

0
52
137
1890
4950
0

0
52
145
1890
5238
0

0
52
153
1890
5526
0

0
53
137
1926
4950
0

0
53
145
1926
5238
0

0
53
153
1926
5526
0

0
54
137
1962
4950
0

0
54
145
1962
5238
0

0
54
153
1962
5526
0

0
55
137
1998
4950
0

0
55
145
1998
5238
0

0
55
153
1998
5526
0

0
56
137
2034
4950
0

0
56
145
2034
5238
0

0
56
153
2034
5526
0

0
57
137
2070
4950
0

0
57
145
2070
5238
0

0
57
153
2070
5526
0

0
58
137
2106
4950
0

0
58
145
2106
5238
0

0
58
153
2106
5526
0

0
59
137
2142
4950
0

0
59
145
2142
5238
0

0
59
153
2142
5526
0

0
60
137
2178
4950
0

0
60
145
2178
5238
0

0
60
153
2178
5526
0

0
61
137
2214
4950
0

0
61
145
2214
5238
0

0
61
153
2214
5526
0

0
62
137
2250
4950
0

0
62
145
2250
5238
0

0
62
153
2250
5526
0

0
63
137
2286
4950
0

0
63
145
2286
5238
0

0
63
153
2286
5526
0

0
64
137
2322
4950
0

0
64
145
2322
5238
0

0
64
153
2322
5526
0

0
65
137
2358
4950
0

0
65
145
2358
5238
0

0
65
153
2358
5526
0

0
66
137
2394
4950
0

0
66
145
2394
5238
0

0
66
153
2394
5526
0

0
67
137
2430
4950
0

0
67
145
2430
5238
0

0
67
153
2430
5526
0

0
68
137
2466
4950
0

0
68
145
2466
5238
0

0
68
153
2466
5526
0

0
69
137
2502
4950
0

0
69
145
2502
5238
0

0
69
153
2502
5526
0

0
70
137
2538
4950
0

0
70
145
2538
5238
0

0
70
153
2538
5526
0

0
71
137
2574
4950
0

0
71
145
2574
5238
0

0
71
153
2574
5526
0

0
72
137
2610
4950
0

0
72
145
2610
5238
0

0
72
153
2610
5526
0

0
73
137
2646
4950
0

0
73
145
2646
5238
0

0
73
153
2646
5526
0

0
74
137
2682
4950
0

0
74
145
2682
5238
0

0
74
153
2682
5526
0

0
75
137
2718
4950
0

0
75
145
2718
5238
0

0
75
153
2718
5526
0

0
76
137
2754
4950
0

0
76
145
2754
5238
0

0
76
153
2754
5526
0

0
77
137
2790
4950
0

0
77
145
2790
5238
0

0
77
153
2790
5526
0

0
78
137
2826
4950
0

0
78
145
2826
5238
0

0
78
153
2826
5526
0

0
79
137
2862
4950
0

0
79
145
2862
5238
0

0
79
153
2862
5526
0

0
80
137
2898
4950
0

0
80
145
2898
5238
0

0
80
153
2898
5526
0

0
81
137
2934
4950
0

0
81
145
2934
5238
0

0
81
153
2934
5526
0

0
82
145
2970
5238
0

1
82
137
2970
4950
0

1
82
153
2970
5526
0

1
83
137
3006
4950
0

0
83
145
3006
5238
0

0
83
153
3006
5526
0

0
84
137
3042
4950
0

0
84
145
3042
5238
0

0
84
153
3042
5526
0

0
85
137
3078
4950
0

0
85
145
3078
5238
0

0
85
153
3078
5526
0

0
86
137
3114
4950
0

0
86
145
3114
5238
0

0
86
153
3114
5526
0

0
87
137
3150
4950
0

0
87
145
3150
5238
0

0
87
153
3150
5526
0

0
89
153
3222
5526
0

0
90
153
3258
5526
0

0
91
153
3294
5526
0

0
92
153
3330
5526
0

0
93
153
3366
5526
0

0
94
153
3402
5526
0

0
95
153
3438
5526
0

0
96
153
3474
5526
0

0
97
137
3510
4950
0

0
97
145
3510
5238
0

0
97
153
3510
5526
0

0
98
137
3546
4950
0

0
98
145
3546
5238
0

0
98
153
3546
5526
0

0
99
137
3582
4950
0

0
99
145
3582
5238
0

0
99
153
3582
5526
0

0
100
137
3618
4950
0

0
100
145
3618
5238
0

0
100
153
3618
5526
0

0
101
137
3654
4950
0

0
101
145
3654
5238
0

0
101
153
3654
5526
0

0
102
137
3690
4950
0

0
102
145
3690
5238
0

0
102
153
3690
5526
0

0
103
137
3726
4950
0

0
103
145
3726
5238
0

0
103
153
3726
5526
0

0
104
137
3762
4950
0

0
104
145
3762
5238
0

0
104
153
3762
5526
0

0
105
137
3798
4950
0

0
105
145
3798
5238
0

0
105
153
3798
5526
0

0
106
137
3834
4950
0

0
106
145
3834
5238
0

0
106
153
3834
5526
0

0
107
137
3870
4950
0

0
107
145
3870
5238
0

0
107
153
3870
5526
0

0
108
137
3906
4950
0

0
108
145
3906
5238
0

0
108
153
3906
5526
0

0
109
137
3942
4950
0

0
109
145
3942
5238
0

0
109
153
3942
5526
0

0
110
137
3978
4950
0

0
110
145
3978
5238
0

0
110
153
3978
5526
0

0
111
137
4014
4950
0

0
111
145
4014
5238
0

0
111
153
4014
5526
0

0
112
137
4050
4950
0

0
112
145
4050
5238
0

0
112
153
4050
5526
0

0
113
137
4086
4950
0

0
113
145
4086
5238
0

0
113
153
4086
5526
0

0
114
137
4122
4950
0

0
114
145
4122
5238
0

0
114
153
4122
5526
0

0
115
137
4158
4950
0

0
115
145
4158
5238
0

0
115
153
4158
5526
0

0
116
137
4194
4950
0

0
116
145
4194
5238
0

0
116
153
4194
5526
0

0
117
137
4230
4950
0

0
117
145
4230
5238
0

0
117
153
4230
5526
0

0
118
137
4266
4950
0

0
118
145
4266
5238
0

0
118
153
4266
5526
0

0
119
137
4302
4950
0

0
119
145
4302
5238
0

0
119
153
4302
5526
0

0
121
137
4374
4950
0

0
121
145
4374
5238
0

0
121
153
4374
5526
0

3
129
137
4662
4950
0

1
129
145
4662
5238
0

3
128
146
4626
5274
0

2
128
137
4626
4950
0

0
128
145
4626
5238
0

0
127
147
4590
5310
0

2
127
137
4590
4950
0

0
127
145
4590
5238
0

0
126
148
4554
5346
0

2
126
137
4554
4950
0

0
126
145
4554
5238
0

0
125
149
4518
5382
0

2
125
137
4518
4950
0

0
125
145
4518
5238
0

0
124
150
4482
5418
0

2
124
137
4482
4950
0

0
124
145
4482
5238
0

0
123
151
4446
5454
0

2
123
137
4446
4950
0

0
123
145
4446
5238
0

0
122
152
4410
5490
0

2
122
137
4410
4950
0

0
122
145
4410
5238
0

0
120
137
4338
4950
0

0
120
145
4338
5238
0

0
120
153
4338
5526
0

0
130
137
4698
4950
0

0
130
145
4698
5238
0

1
131
137
4734
4950
0

0
131
145
4734
5238
0

0
132
137
4770
4950
0

0
132
145
4770
5238
0

0
133
137
4806
4950
0

0
133
145
4806
5238
0

0
134
137
4842
4950
0

0
134
145
4842
5238
0

0
135
137
4878
4950
0

0
135
145
4878
5238
0

0
136
137
4914
4950
0

0
136
145
4914
5238
0

0
