28
9
1031
5493
0

1
1
8
1026
4925
0

-1
0
2
1604
5485
0

-1
3
3
2792
5498
0

1
3
3
3000
5501
0

-1
1
3
3120
5504
0

-1
1
3
3839
5213
0

-1
3
3
4219
5501
0

-1
1
3
4863
5206
0

-1
1
3
4837
4922
0

-1
1
3
4020
4920
0

1
3
3
4353
4922
0

1
3
3
2995
5201
0

-1
3
3
3087
4920
0

-1
1
3
2833
4916
0

-1
1
2
3547
4908
0

-1
1
3
1716
4913
0

-1
3
3
2550
4917
0

1
3
3
2100
4920
0

-1
3
3
1127
4917
0

1
1
2
1707
5192
0

1
1
2
1990
5197
0

1
3
2
2302
5192
0

1
3
2
2680
5196
0

-1
3
10
2730
5459
0

1
0
10
3772
5457
0

1
0
10
3917
4877
0

1
0
10
2799
5169
0

1
0
