2
4354.86
5541.76
0
4643
5253.9
0
1548.26
5253.63
0
1260.53
4966.96
0
17
2662.68
5329.11
0
2663.21
5397.53
0
2737.16
5328.58
0
2737.68
5398.05
0
3204.33
5219
0
3205
5323
0
3453.91
5219.42
0
3454.82
5324.88
0
3707
5398.25
0
3706.17
5327.83
0
3781.8
5330.6
0
3781.8
5330.2
0
3781.4
5397.4
0
3781.4
5328.6
0
4249.71
5324.94
0
4250
5255.82
0
4719.43
5037
0
4718.71
4968.43
0
4928
5251.74
0
4931.68
4753.21
0
3926.43
4820.9
0
3926.43
4753.76
0
3850.24
4820.43
0
3850.24
4752.81
0
3206.22
5035.09
0
3205.35
4928.57
0
3454.04
4929.87
0
3454.04
5039
0
1509.59
5035.47
0
1509
4962.53
0
2810.56
5108.44
0
2810.56
5040.67
0
2733.89
5109.56
0
2732.22
5039.56
0
