109
47
94
1710
3402
0

0
103
94
3726
3402
0

0
39
94
1422
3402
0

0
104
94
3762
3402
0

0
40
94
1458
3402
0

0
105
94
3798
3402
0

0
41
94
1494
3402
0

0
106
94
3834
3402
0

0
42
94
1530
3402
0

0
107
94
3870
3402
0

0
43
94
1566
3402
0

0
108
94
3906
3402
0

0
44
94
1602
3402
0

0
109
94
3942
3402
0

0
45
94
1638
3402
0

0
110
94
3978
3402
0

0
46
94
1674
3402
0

0
48
94
1746
3402
0

0
56
94
2034
3402
0

0
57
94
2070
3402
0

0
58
94
2106
3402
0

0
59
94
2142
3402
0

0
60
94
2178
3402
0

3
67
101
2430
3654
0

3
67
94
2430
3402
0

0
61
95
2214
3438
0

2
61
94
2214
3402
0

0
62
96
2250
3474
0

2
62
94
2250
3402
0

0
63
97
2286
3510
0

2
63
94
2286
3402
0

0
64
98
2322
3546
0

2
64
94
2322
3402
0

0
65
99
2358
3582
0

2
65
94
2358
3402
0

0
66
100
2394
3618
0

2
66
94
2394
3402
0

0
95
95
3438
3438
0

2
95
94
3438
3402
0

0
94
96
3402
3474
0

2
94
94
3402
3402
0

0
93
97
3366
3510
0

2
93
94
3366
3402
0

0
92
98
3330
3546
0

2
92
94
3330
3402
0

0
91
99
3294
3582
0

2
91
94
3294
3402
0

0
90
100
3258
3618
0

2
90
94
3258
3402
0

0
89
101
3222
3654
0

3
89
94
3222
3402
0

0
96
94
3474
3402
0

3
68
101
2466
3654
0

0
68
94
2466
3402
0

0
69
101
2502
3654
0

0
69
94
2502
3402
0

0
70
101
2538
3654
0

0
70
94
2538
3402
0

0
71
101
2574
3654
0

0
71
94
2574
3402
0

0
72
101
2610
3654
0

0
72
94
2610
3402
0

0
73
101
2646
3654
0

0
73
94
2646
3402
0

0
74
101
2682
3654
0

0
74
94
2682
3402
0

0
75
101
2718
3654
0

0
75
94
2718
3402
0

0
76
101
2754
3654
0

0
76
94
2754
3402
0

0
77
101
2790
3654
0

0
77
94
2790
3402
0

0
78
101
2826
3654
0

0
78
94
2826
3402
0

0
79
101
2862
3654
0

0
79
94
2862
3402
0

0
80
101
2898
3654
0

0
80
94
2898
3402
0

0
81
101
2934
3654
0

0
81
94
2934
3402
0

0
82
101
2970
3654
0

0
82
94
2970
3402
0

0
83
101
3006
3654
0

0
83
94
3006
3402
0

0
84
101
3042
3654
0

0
84
94
3042
3402
0

0
85
101
3078
3654
0

0
85
94
3078
3402
0

0
86
101
3114
3654
0

0
86
94
3114
3402
0

0
87
101
3150
3654
0

0
87
94
3150
3402
0

0
88
101
3186
3654
0

0
88
94
3186
3402
0

0
97
94
3510
3402
0

0
98
94
3546
3402
0

0
99
94
3582
3402
0

0
100
94
3618
3402
0

0
101
94
3654
3402
0

0
102
94
3690
3402
0

0
111
94
4014
3402
0

0
112
94
4050
3402
0

0
113
94
4086
3402
0

0
114
94
4122
3402
0

0
115
94
4158
3402
0

0
116
94
4194
3402
0

0
117
94
4230
3402
0

0
118
94
4266
3402
0

0
119
94
4302
3402
0

0
