254
1440
3420
0
1476
3420
0
1476
3456
0
1440
3456
0
1404
3420
0
1440
3420
0
1440
3456
0
1404
3456
0
1476
3420
0
1512
3420
0
1512
3456
0
1476
3456
0
1512
3420
0
1548
3420
0
1548
3456
0
1512
3456
0
1368
3420
0
1404
3420
0
1404
3456
0
1368
3456
0
1368
3384
0
1404
3384
0
1404
3420
0
1368
3420
0
1368
3348
0
1404
3348
0
1404
3384
0
1368
3384
0
1368
3312
0
1404
3312
0
1404
3348
0
1368
3348
0
1368
3276
0
1404
3276
0
1404
3312
0
1368
3312
0
1368
3240
0
1404
3240
0
1404
3276
0
1368
3276
0
1368
3204
0
1404
3204
0
1404
3240
0
1368
3240
0
1368
3168
0
1404
3168
0
1404
3204
0
1368
3204
0
1368
3132
0
1404
3132
0
1404
3168
0
1368
3168
0
1368
3096
0
1404
3096
0
1404
3132
0
1368
3132
0
1368
3060
0
1404
3060
0
1404
3096
0
1368
3096
0
1368
3024
0
1404
3024
0
1404
3060
0
1368
3060
0
1368
2988
0
1404
2988
0
1404
3024
0
1368
3024
0
1368
2952
0
1404
2952
0
1404
2988
0
1368
2988
0
1368
2916
0
1404
2916
0
1404
2952
0
1368
2952
0
1368
2880
0
1404
2880
0
1404
2916
0
1368
2916
0
1368
2844
0
1404
2844
0
1404
2880
0
1368
2880
0
1368
2808
0
1404
2808
0
1404
2844
0
1368
2844
0
1368
2772
0
1404
2772
0
1404
2808
0
1368
2808
0
1368
2736
0
1404
2736
0
1404
2772
0
1368
2772
0
1368
2700
0
1404
2700
0
1404
2736
0
1368
2736
0
1368
2664
0
1404
2664
0
1404
2700
0
1368
2700
0
1368
2628
0
1404
2628
0
1404
2664
0
1368
2664
0
1368
2592
0
1404
2592
0
1404
2628
0
1368
2628
0
1368
2556
0
1404
2556
0
1404
2592
0
1368
2592
0
1404
2556
0
1440
2556
0
1440
2592
0
1404
2592
0
1440
2556
0
1476
2556
0
1476
2592
0
1440
2592
0
1476
2556
0
1512
2556
0
1512
2592
0
1476
2592
0
1512
2556
0
1548
2556
0
1548
2592
0
1512
2592
0
1548
2556
0
1584
2556
0
1584
2592
0
1548
2592
0
1584
2556
0
1620
2556
0
1620
2592
0
1584
2592
0
1620
2556
0
1656
2556
0
1656
2592
0
1620
2592
0
1656
2556
0
1692
2556
0
1692
2592
0
1656
2592
0
1692
2556
0
1728
2556
0
1728
2592
0
1692
2592
0
1728
2556
0
1764
2556
0
1764
2592
0
1728
2592
0
1764
2556
0
1800
2556
0
1800
2592
0
1764
2592
0
1800
2556
0
1836
2556
0
1836
2592
0
1800
2592
0
1836
2556
0
1872
2556
0
1872
2592
0
1836
2592
0
1872
2556
0
1908
2556
0
1908
2592
0
1872
2592
0
1908
2556
0
1944
2556
0
1944
2592
0
1908
2592
0
1944
2556
0
1980
2556
0
1980
2592
0
1944
2592
0
1980
2556
0
2016
2556
0
2016
2592
0
1980
2592
0
2016
2556
0
2052
2556
0
2052
2592
0
2016
2592
0
2052
2556
0
2088
2556
0
2088
2592
0
2052
2592
0
2088
2556
0
2124
2556
0
2124
2592
0
2088
2592
0
2124
2556
0
2160
2556
0
2160
2592
0
2124
2592
0
2160
2556
0
2196
2556
0
2196
2592
0
2160
2592
0
1548
3420
0
1584
3420
0
1584
3456
0
1548
3456
0
1584
3420
0
1620
3420
0
1620
3456
0
1584
3456
0
1620
3420
0
1656
3420
0
1656
3456
0
1620
3456
0
1656
3420
0
1692
3420
0
1692
3456
0
1656
3456
0
1692
3420
0
1728
3420
0
1728
3456
0
1692
3456
0
1728
3420
0
1764
3420
0
1764
3456
0
1728
3456
0
1764
3420
0
1800
3420
0
1800
3456
0
1764
3456
0
1800
3420
0
1836
3420
0
1836
3456
0
1800
3456
0
1836
3420
0
1872
3420
0
1872
3456
0
1836
3456
0
1872
3420
0
1908
3420
0
1908
3456
0
1872
3456
0
1908
3420
0
1944
3420
0
1944
3456
0
1908
3456
0
1944
3420
0
1980
3420
0
1980
3456
0
1944
3456
0
1980
3420
0
2016
3420
0
2016
3456
0
1980
3456
0
2016
3420
0
2052
3420
0
2052
3456
0
2016
3456
0
2052
3420
0
2088
3420
0
2088
3456
0
2052
3456
0
2088
3420
0
2124
3420
0
2124
3456
0
2088
3456
0
2124
3420
0
2160
3420
0
2160
3456
0
2124
3456
0
2160
3420
0
2196
3420
0
2196
3456
0
2160
3456
0
2196
2556
0
2232
2556
0
2232
2592
0
2196
2592
0
2232
2556
0
2268
2556
0
2268
2592
0
2232
2592
0
2268
2556
0
2304
2556
0
2304
2592
0
2268
2592
0
2304
2556
0
2340
2556
0
2340
2592
0
2304
2592
0
2340
2556
0
2376
2556
0
2376
2592
0
2340
2592
0
2412
2556
0
2448
2556
0
2448
2592
0
2412
2592
0
2448
2556
0
2484
2556
0
2484
2592
0
2448
2592
0
2484
2556
0
2520
2556
0
2520
2592
0
2484
2592
0
2520
2556
0
2556
2556
0
2556
2592
0
2520
2592
0
2556
2556
0
2592
2556
0
2592
2592
0
2556
2592
0
2592
2556
0
2628
2556
0
2628
2592
0
2592
2592
0
2664
2556
0
2700
2556
0
2700
2592
0
2664
2592
0
2700
2556
0
2736
2556
0
2736
2592
0
2700
2592
0
2376
2556
0
2412
2556
0
2412
2592
0
2376
2592
0
2628
2556
0
2664
2556
0
2664
2592
0
2628
2592
0
2736
2556
0
2772
2556
0
2772
2592
0
2736
2592
0
2772
2556
0
2808
2556
0
2808
2592
0
2772
2592
0
2808
2556
0
2844
2556
0
2844
2592
0
2808
2592
0
2880
2556
0
2916
2556
0
2916
2592
0
2880
2592
0
2916
2556
0
2952
2556
0
2952
2592
0
2916
2592
0
2952
2556
0
2988
2556
0
2988
2592
0
2952
2592
0
2988
2556
0
3024
2556
0
3024
2592
0
2988
2592
0
3024
2556
0
3060
2556
0
3060
2592
0
3024
2592
0
3060
2556
0
3096
2556
0
3096
2592
0
3060
2592
0
3096
2556
0
3132
2556
0
3132
2592
0
3096
2592
0
3132
2556
0
3168
2556
0
3168
2592
0
3132
2592
0
2844
2556
0
2880
2556
0
2880
2592
0
2844
2592
0
3168
2556
0
3204
2556
0
3204
2592
0
3168
2592
0
3204
2556
0
3240
2556
0
3240
2592
0
3204
2592
0
3240
2556
0
3276
2556
0
3276
2592
0
3240
2592
0
3276
2556
0
3312
2556
0
3312
2592
0
3276
2592
0
3312
2556
0
3348
2556
0
3348
2592
0
3312
2592
0
3348
2556
0
3384
2556
0
3384
2592
0
3348
2592
0
3384
2556
0
3420
2556
0
3420
2592
0
3384
2592
0
3420
2556
0
3456
2556
0
3456
2592
0
3420
2592
0
3456
2556
0
3492
2556
0
3492
2592
0
3456
2592
0
3492
2556
0
3528
2556
0
3528
2592
0
3492
2592
0
3528
2556
0
3564
2556
0
3564
2592
0
3528
2592
0
3564
2556
0
3600
2556
0
3600
2592
0
3564
2592
0
3600
2556
0
3636
2556
0
3636
2592
0
3600
2592
0
3636
2556
0
3672
2556
0
3672
2592
0
3636
2592
0
3672
2556
0
3708
2556
0
3708
2592
0
3672
2592
0
3672
2592
0
3708
2592
0
3708
2628
0
3672
2628
0
3672
2628
0
3708
2628
0
3708
2664
0
3672
2664
0
3672
2664
0
3708
2664
0
3708
2700
0
3672
2700
0
3672
2700
0
3708
2700
0
3708
2736
0
3672
2736
0
3672
2736
0
3708
2736
0
3708
2772
0
3672
2772
0
3672
2772
0
3708
2772
0
3708
2808
0
3672
2808
0
3672
2808
0
3708
2808
0
3708
2844
0
3672
2844
0
3672
2844
0
3708
2844
0
3708
2880
0
3672
2880
0
3672
2880
0
3708
2880
0
3708
2916
0
3672
2916
0
3672
2916
0
3708
2916
0
3708
2952
0
3672
2952
0
3672
2952
0
3708
2952
0
3708
2988
0
3672
2988
0
3672
2988
0
3708
2988
0
3708
3024
0
3672
3024
0
3672
3024
0
3708
3024
0
3708
3060
0
3672
3060
0
3672
3060
0
3708
3060
0
3708
3096
0
3672
3096
0
3672
3096
0
3708
3096
0
3708
3132
0
3672
3132
0
3672
3132
0
3708
3132
0
3708
3168
0
3672
3168
0
3708
3168
0
3744
3168
0
3744
3204
0
3708
3204
0
3672
3168
0
3708
3168
0
3708
3204
0
3672
3204
0
3744
3168
0
3780
3168
0
3780
3204
0
3744
3204
0
3780
3168
0
3816
3168
0
3816
3204
0
3780
3204
0
3816
3168
0
3852
3168
0
3852
3204
0
3816
3204
0
3852
3168
0
3888
3168
0
3888
3204
0
3852
3204
0
3888
3168
0
3924
3168
0
3924
3204
0
3888
3204
0
3924
3168
0
3960
3168
0
3960
3204
0
3924
3204
0
3960
3168
0
3996
3168
0
3996
3204
0
3960
3204
0
3996
3168
0
4032
3168
0
4032
3204
0
3996
3204
0
4032
3168
0
4068
3168
0
4068
3204
0
4032
3204
0
4068
3168
0
4104
3168
0
4104
3204
0
4068
3204
0
4104
3168
0
4140
3168
0
4140
3204
0
4104
3204
0
4140
3168
0
4176
3168
0
4176
3204
0
4140
3204
0
4176
3168
0
4212
3168
0
4212
3204
0
4176
3204
0
4212
3168
0
4248
3168
0
4248
3204
0
4212
3204
0
4248
3168
0
4284
3168
0
4284
3204
0
4248
3204
0
4284
3168
0
4320
3168
0
4320
3204
0
4284
3204
0
4320
3168
0
4356
3168
0
4356
3204
0
4320
3204
0
4320
3204
0
4356
3204
0
4356
3240
0
4320
3240
0
4320
3240
0
4356
3240
0
4356
3276
0
4320
3276
0
4320
3276
0
4356
3276
0
4356
3312
0
4320
3312
0
4320
3312
0
4356
3312
0
4356
3348
0
4320
3348
0
4320
3348
0
4356
3348
0
4356
3384
0
4320
3384
0
4320
3384
0
4356
3384
0
4356
3420
0
4320
3420
0
4320
3420
0
4356
3420
0
4356
3456
0
4320
3456
0
4284
3420
0
4320
3420
0
4320
3456
0
4284
3456
0
4248
3420
0
4284
3420
0
4284
3456
0
4248
3456
0
4212
3420
0
4248
3420
0
4248
3456
0
4212
3456
0
4176
3420
0
4212
3420
0
4212
3456
0
4176
3456
0
4140
3420
0
4176
3420
0
4176
3456
0
4140
3456
0
4104
3420
0
4140
3420
0
4140
3456
0
4104
3456
0
4068
3420
0
4104
3420
0
4104
3456
0
4068
3456
0
4032
3420
0
4068
3420
0
4068
3456
0
4032
3456
0
3996
3420
0
4032
3420
0
4032
3456
0
3996
3456
0
3960
3420
0
3996
3420
0
3996
3456
0
3960
3456
0
3924
3420
0
3960
3420
0
3960
3456
0
3924
3456
0
3888
3420
0
3924
3420
0
3924
3456
0
3888
3456
0
3852
3420
0
3888
3420
0
3888
3456
0
3852
3456
0
3816
3420
0
3852
3420
0
3852
3456
0
3816
3456
0
3780
3420
0
3816
3420
0
3816
3456
0
3780
3456
0
3744
3420
0
3780
3420
0
3780
3456
0
3744
3456
0
3708
3420
0
3744
3420
0
3744
3456
0
3708
3456
0
3672
3420
0
3708
3420
0
3708
3456
0
3672
3456
0
3636
3420
0
3672
3420
0
3672
3456
0
3636
3456
0
3600
3420
0
3636
3420
0
3636
3456
0
3600
3456
0
3564
3420
0
3600
3420
0
3600
3456
0
3564
3456
0
3528
3420
0
3564
3420
0
3564
3456
0
3528
3456
0
3492
3420
0
3528
3420
0
3528
3456
0
3492
3456
0
3456
3420
0
3492
3420
0
3492
3456
0
3456
3456
0
3420
3456
0
3456
3456
0
3456
3492
0
3420
3492
0
3384
3492
0
3420
3492
0
3420
3528
0
3384
3528
0
3348
3528
0
3384
3528
0
3384
3564
0
3348
3564
0
3312
3564
0
3348
3564
0
3348
3600
0
3312
3600
0
3276
3600
0
3312
3600
0
3312
3636
0
3276
3636
0
3240
3636
0
3276
3636
0
3276
3672
0
3240
3672
0
3204
3672
0
3240
3672
0
3240
3708
0
3204
3708
0
3420
3492
0
3456
3492
0
3456
3528
0
3420
3528
0
3456
3456
0
3492
3456
0
3492
3492
0
3456
3492
0
3384
3528
0
3420
3528
0
3420
3564
0
3384
3564
0
3348
3564
0
3384
3564
0
3384
3600
0
3348
3600
0
3312
3600
0
3348
3600
0
3348
3636
0
3312
3636
0
3276
3636
0
3312
3636
0
3312
3672
0
3276
3672
0
3240
3672
0
3276
3672
0
3276
3708
0
3240
3708
0
3168
3672
0
3204
3672
0
3204
3708
0
3168
3708
0
3132
3672
0
3168
3672
0
3168
3708
0
3132
3708
0
3096
3672
0
3132
3672
0
3132
3708
0
3096
3708
0
3060
3672
0
3096
3672
0
3096
3708
0
3060
3708
0
3024
3672
0
3060
3672
0
3060
3708
0
3024
3708
0
2988
3672
0
3024
3672
0
3024
3708
0
2988
3708
0
2952
3672
0
2988
3672
0
2988
3708
0
2952
3708
0
2916
3672
0
2952
3672
0
2952
3708
0
2916
3708
0
2880
3672
0
2916
3672
0
2916
3708
0
2880
3708
0
2844
3672
0
2880
3672
0
2880
3708
0
2844
3708
0
2808
3672
0
2844
3672
0
2844
3708
0
2808
3708
0
2772
3672
0
2808
3672
0
2808
3708
0
2772
3708
0
2736
3672
0
2772
3672
0
2772
3708
0
2736
3708
0
2700
3672
0
2736
3672
0
2736
3708
0
2700
3708
0
2664
3672
0
2700
3672
0
2700
3708
0
2664
3708
0
2628
3672
0
2664
3672
0
2664
3708
0
2628
3708
0
2592
3672
0
2628
3672
0
2628
3708
0
2592
3708
0
2556
3672
0
2592
3672
0
2592
3708
0
2556
3708
0
2520
3672
0
2556
3672
0
2556
3708
0
2520
3708
0
2484
3672
0
2520
3672
0
2520
3708
0
2484
3708
0
2448
3672
0
2484
3672
0
2484
3708
0
2448
3708
0
2412
3672
0
2448
3672
0
2448
3708
0
2412
3708
0
2196
3456
0
2232
3456
0
2232
3492
0
2196
3492
0
2232
3492
0
2268
3492
0
2268
3528
0
2232
3528
0
2268
3528
0
2304
3528
0
2304
3564
0
2268
3564
0
2304
3564
0
2340
3564
0
2340
3600
0
2304
3600
0
2340
3600
0
2376
3600
0
2376
3636
0
2340
3636
0
2376
3636
0
2412
3636
0
2412
3672
0
2376
3672
0
2376
3672
0
2412
3672
0
2412
3708
0
2376
3708
0
2340
3636
0
2376
3636
0
2376
3672
0
2340
3672
0
2304
3600
0
2340
3600
0
2340
3636
0
2304
3636
0
2268
3564
0
2304
3564
0
2304
3600
0
2268
3600
0
2232
3528
0
2268
3528
0
2268
3564
0
2232
3564
0
2196
3492
0
2232
3492
0
2232
3528
0
2196
3528
0
2160
3456
0
2196
3456
0
2196
3492
0
2160
3492
0
1764
3276
0
1800
3276
0
1800
3312
0
1764
3312
0
1800
3276
0
1836
3276
0
1836
3312
0
1800
3312
0
1836
3276
0
1872
3276
0
1872
3312
0
1836
3312
0
1872
3276
0
1908
3276
0
1908
3312
0
1872
3312
0
1908
3276
0
1944
3276
0
1944
3312
0
1908
3312
0
1944
3276
0
1980
3276
0
1980
3312
0
1944
3312
0
1980
3276
0
2016
3276
0
2016
3312
0
1980
3312
0
1764
3312
0
1800
3312
0
1800
3348
0
1764
3348
0
1764
3348
0
1800
3348
0
1800
3384
0
1764
3384
0
1764
3384
0
1800
3384
0
1800
3420
0
1764
3420
0
1980
3312
0
2016
3312
0
2016
3348
0
1980
3348
0
1980
3348
0
2016
3348
0
2016
3384
0
1980
3384
0
1980
3384
0
2016
3384
0
2016
3420
0
1980
3420
0
1800
3312
0
1836
3312
0
1836
3348
0
1800
3348
0
1800
3348
0
1836
3348
0
1836
3384
0
1800
3384
0
1800
3384
0
1836
3384
0
1836
3420
0
1800
3420
0
1836
3312
0
1872
3312
0
1872
3348
0
1836
3348
0
1836
3348
0
1872
3348
0
1872
3384
0
1836
3384
0
1836
3384
0
1872
3384
0
1872
3420
0
1836
3420
0
1872
3384
0
1908
3384
0
1908
3420
0
1872
3420
0
1872
3348
0
1908
3348
0
1908
3384
0
1872
3384
0
1872
3312
0
1908
3312
0
1908
3348
0
1872
3348
0
1908
3312
0
1944
3312
0
1944
3348
0
1908
3348
0
1908
3348
0
1944
3348
0
1944
3384
0
1908
3384
0
1908
3384
0
1944
3384
0
1944
3420
0
1908
3420
0
1944
3384
0
1980
3384
0
1980
3420
0
1944
3420
0
1944
3348
0
1980
3348
0
1980
3384
0
1944
3384
0
1944
3312
0
1980
3312
0
1980
3348
0
1944
3348
0
35
2556
3420
0
2592
3420
0
2592
3456
0
2556
3456
0
2592
3420
0
2628
3420
0
2628
3456
0
2592
3456
0
2628
3420
0
2664
3420
0
2664
3456
0
2628
3456
0
2664
3420
0
2700
3420
0
2700
3456
0
2664
3456
0
2700
3420
0
2736
3420
0
2736
3456
0
2700
3456
0
2880
3420
0
2916
3420
0
2916
3456
0
2880
3456
0
2916
3420
0
2952
3420
0
2952
3456
0
2916
3456
0
2952
3420
0
2988
3420
0
2988
3456
0
2952
3456
0
2988
3420
0
3024
3420
0
3024
3456
0
2988
3456
0
3024
3420
0
3060
3420
0
3060
3456
0
3024
3456
0
3420
3420
0
3456
3420
0
3456
3456
0
3420
3456
0
3384
3420
0
3420
3420
0
3420
3456
0
3384
3456
0
3348
3420
0
3384
3420
0
3384
3456
0
3348
3456
0
3312
3420
0
3348
3420
0
3348
3456
0
3312
3456
0
3276
3420
0
3312
3420
0
3312
3456
0
3276
3456
0
3240
3420
0
3276
3420
0
3276
3456
0
3240
3456
0
3204
3420
0
3240
3420
0
3240
3456
0
3204
3456
0
3168
3420
0
3204
3420
0
3204
3456
0
3168
3456
0
3132
3420
0
3168
3420
0
3168
3456
0
3132
3456
0
3096
3420
0
3132
3420
0
3132
3456
0
3096
3456
0
3060
3420
0
3096
3420
0
3096
3456
0
3060
3456
0
2844
3420
0
2880
3420
0
2880
3456
0
2844
3456
0
2808
3420
0
2844
3420
0
2844
3456
0
2808
3456
0
2772
3420
0
2808
3420
0
2808
3456
0
2772
3456
0
2736
3420
0
2772
3420
0
2772
3456
0
2736
3456
0
2520
3420
0
2556
3420
0
2556
3456
0
2520
3456
0
2484
3420
0
2520
3420
0
2520
3456
0
2484
3456
0
2448
3420
0
2484
3420
0
2484
3456
0
2448
3456
0
2412
3420
0
2448
3420
0
2448
3456
0
2412
3456
0
2376
3420
0
2412
3420
0
2412
3456
0
2376
3456
0
2340
3420
0
2376
3420
0
2376
3456
0
2340
3456
0
2304
3420
0
2340
3420
0
2340
3456
0
2304
3456
0
2268
3420
0
2304
3420
0
2304
3456
0
2268
3456
0
2232
3420
0
2268
3420
0
2268
3456
0
2232
3456
0
2196
3420
0
2232
3420
0
2232
3456
0
2196
3456
0
