748
0
3222
2610
0

1020
0
1422
2610
0

1020
0
1422
3114
0

1015
0
2250
3474
0

1016
0
4338
3474
0

1024
0
4338
3438
0

1024
0
4338
3402
0

1024
0
4338
3366
0

1024
0
4338
3330
0

1024
0
4338
3294
0

1024
0
4338
3258
0

1024
0
4338
3222
0

1024
0
4338
3186
0

1024
0
4338
3150
0

1024
0
4338
3114
0

1024
0
4086
3690
0

1024
1
4986
3402
0

1024
1
1458
3438
0

723
1
1494
3438
0

723
1
1530
3438
0

723
1
1566
3438
0

723
1
1602
3438
0

723
1
1638
3438
0

723
1
1674
3438
0

723
1
1710
3438
0

723
1
1782
3438
0

723
1
1818
3438
0

723
1
1854
3438
0

723
1
1890
3438
0

723
1
1926
3438
0

723
1
1746
3438
0

723
1
1962
3438
0

723
1
1998
3438
0

723
1
2034
3438
0

723
1
2070
3438
0

723
1
2106
3438
0

723
1
2142
3438
0

723
1
2178
3438
0

723
1
2394
3654
0

509
1
4302
3474
0

729
1
2574
3438
0

514
1
2358
3438
0

512
1
2286
3438
0

512
1
4266
3474
0

729
1
4230
3474
0

729
1
4194
3474
0

729
1
4158
3474
0

729
1
4122
3474
0

729
1
4086
3474
0

729
1
4050
3474
0

729
1
4014
3474
0

729
1
3978
3474
0

729
1
3942
3474
0

729
1
3906
3474
0

729
1
3870
3474
0

729
1
3834
3474
0

729
1
3798
3474
0

729
1
3762
3474
0

729
1
3726
3474
0

729
1
3690
3474
0

729
1
3654
3474
0

729
1
3618
3474
0

729
1
3582
3474
0

729
1
3546
3474
0

729
1
3510
3474
0

729
1
3474
3474
0

729
1
2214
3474
0

509
1
2214
3438
0

511
1
2178
3474
0

729
1
2142
3474
0

729
1
2106
3474
0

729
1
2070
3474
0

729
1
2250
3438
0

513
1
3474
3438
0

723
1
3510
3438
0

723
1
3546
3438
0

723
1
3582
3438
0

723
1
3618
3438
0

723
1
3654
3438
0

723
1
3690
3438
0

723
1
3726
3438
0

723
1
3762
3438
0

723
1
3798
3438
0

723
1
3834
3438
0

723
1
3870
3438
0

723
1
3906
3438
0

723
1
3942
3438
0

723
1
3978
3438
0

723
1
4014
3438
0

723
1
4050
3438
0

723
1
4086
3438
0

723
1
4122
3438
0

723
1
4158
3438
0

723
1
4194
3438
0

723
1
4230
3438
0

723
1
4266
3438
0

723
1
4302
3438
0

723
1
1422
3474
0

729
1
1458
3474
0

729
1
1494
3474
0

729
1
1530
3474
0

729
1
1566
3474
0

729
1
1602
3474
0

729
1
1638
3474
0

729
1
1674
3474
0

729
1
1710
3474
0

729
1
1746
3474
0

729
1
1782
3474
0

729
1
1818
3474
0

729
1
1854
3474
0

729
1
1890
3474
0

729
1
1926
3474
0

729
1
1962
3474
0

729
1
1998
3474
0

729
1
2034
3474
0

729
1
2430
3438
0

512
1
2502
3438
0

512
1
3042
3438
0

517
1
2970
3438
0

515
1
2682
3438
0

515
1
2790
3438
0

512
1
2862
3438
0

512
1
2718
3438
0

517
1
3258
3438
0

513
1
3078
3438
0

512
1
3150
3438
0

512
1
3222
3438
0

512
1
3294
3438
0

512
1
3366
3438
0

512
1
2322
3438
0

513
1
2394
3438
0

513
1
2466
3438
0

513
1
2538
3438
0

513
1
3402
3438
0

513
1
2646
3438
0

515
1
2754
3438
0

513
1
2826
3438
0

513
1
3006
3438
0

515
1
3330
3438
0

513
1
3186
3438
0

513
1
3114
3438
0

513
1
2934
3438
0

516
1
2610
3438
0

516
1
2898
3438
0

514
1
2250
3474
0

510
1
2286
3510
0

510
1
2322
3546
0

510
1
2358
3582
0

510
1
2394
3618
0

510
1
2430
3654
0

510
1
2250
3510
0

509
1
2286
3546
0

509
1
2322
3582
0

509
1
2358
3618
0

509
1
3402
3510
0

521
1
3366
3510
0

520
1
3330
3546
0

520
1
3294
3582
0

520
1
3258
3618
0

520
1
3222
3654
0

520
1
3294
3618
0

521
1
3330
3582
0

521
1
3366
3546
0

521
1
3258
3654
0

521
1
3402
3474
0

520
1
3438
3474
0

521
1
3438
3438
0

523
1
2466
3690
0

743
1
2502
3690
0

732
1
2538
3690
0

732
1
2574
3690
0

732
1
2610
3690
0

732
1
2646
3690
0

732
1
2682
3690
0

732
1
2718
3690
0

732
1
2790
3690
0

732
1
2826
3690
0

732
1
2862
3690
0

732
1
2898
3690
0

732
1
2754
3690
0

732
1
2934
3690
0

732
1
2970
3690
0

732
1
3006
3690
0

732
1
3042
3690
0

732
1
3078
3690
0

732
1
3114
3690
0

732
1
3150
3690
0

732
1
3186
3690
0

744
1
3222
3690
0

745
1
2430
3690
0

742
1
3474
2754
0

1017
1
3726
3078
0

1024
1
3726
3042
0

1024
1
3726
3006
0

1024
1
3726
2970
0

1024
1
3726
2934
0

1024
1
3726
2898
0

1024
1
3726
2862
0

1024
1
3726
2826
0

1024
1
3726
2790
0

1024
1
3726
2754
0

1024
1
3762
2754
0

1024
1
3762
2790
0

1024
1
3762
2826
0

1024
1
3762
2862
0

1024
1
3762
2898
0

1024
1
3762
2934
0

1024
1
3762
2970
0

1024
1
3762
3006
0

1024
1
3762
3042
0

1024
1
3762
3078
0

1024
1
3798
3078
0

1024
1
3798
3042
0

1024
1
3798
3006
0

1024
1
3798
2970
0

1024
1
3798
2934
0

1024
1
3798
2898
0

1024
1
3798
2862
0

1024
1
3798
2826
0

1024
1
3798
2790
0

1024
1
3798
2754
0

1024
1
3834
2754
0

1024
1
3834
2790
0

1024
1
3834
2826
0

1024
1
3834
2862
0

1024
1
3834
2898
0

1024
1
3834
2934
0

1024
1
3834
2970
0

1024
1
3834
3006
0

1024
1
3834
3042
0

1024
1
3834
3078
0

1024
1
3870
3078
0

1024
1
3870
3042
0

1024
1
3870
3006
0

1024
1
3870
2970
0

1024
1
3870
2934
0

1024
1
3870
2898
0

1024
1
3870
2862
0

1024
1
3870
2826
0

1024
1
3870
2790
0

1024
1
3870
2754
0

1024
1
3906
2754
0

1024
1
3906
2790
0

1024
1
3906
2826
0

1024
1
3906
2862
0

1024
1
3906
2898
0

1024
1
3906
2934
0

1024
1
3906
2970
0

1024
1
3906
3006
0

1024
1
3906
3042
0

1024
1
3906
3078
0

1024
1
3942
3078
0

1024
1
3942
3042
0

1024
1
3942
3006
0

1024
1
3942
2970
0

1024
1
3942
2934
0

1024
1
3942
2898
0

1024
1
3942
2862
0

1024
1
3942
2826
0

1024
1
3942
2790
0

1024
1
3942
2754
0

1024
1
3978
2754
0

1024
1
3978
2790
0

1024
1
3978
2826
0

1024
1
3978
2862
0

1024
1
3978
2898
0

1024
1
3978
2934
0

1024
1
3978
2970
0

1024
1
3978
3006
0

1024
1
3978
3042
0

1024
1
3978
3078
0

1024
1
4014
3078
0

1024
1
4014
3042
0

1024
1
4014
3006
0

1024
1
4014
2970
0

1024
1
4014
2934
0

1024
1
4014
2898
0

1024
1
4014
2862
0

1024
1
4014
2826
0

1024
1
4014
2790
0

1024
1
4014
2754
0

1024
1
4050
2754
0

1024
1
4050
2790
0

1024
1
4050
2826
0

1024
1
4086
2862
0

1024
1
4086
2898
0

1024
1
4086
2934
0

1024
1
4050
2934
0

1024
1
4050
2970
0

1024
1
4050
3006
0

1024
1
4050
3042
0

1024
1
4050
3078
0

1024
1
4050
2898
0

1024
1
4050
2862
0

1024
1
4086
2790
0

1024
1
4086
2754
0

1024
1
4086
2826
0

1024
1
4086
2970
0

1024
1
4086
3006
0

1024
1
4086
3042
0

1024
1
4086
3078
0

1024
1
4122
3078
0

1024
1
4122
3042
0

1024
1
4122
3006
0

1024
1
4122
2970
0

1024
1
4122
2934
0

1024
1
4122
2898
0

1024
1
4122
2862
0

1024
1
4122
2826
0

1024
1
4122
2790
0

1024
1
4122
2754
0

1024
1
4158
2754
0

1024
1
4158
2790
0

1024
1
4158
2826
0

1024
1
4158
2862
0

1024
1
4158
2898
0

1024
1
4158
2934
0

1024
1
4158
2970
0

1024
1
4158
3006
0

1024
1
4158
3042
0

1024
1
4158
3078
0

1024
1
4194
3078
0

1024
1
4194
3042
0

1024
1
4194
3006
0

1024
1
4194
2970
0

1024
1
4194
2934
0

1024
1
4194
2898
0

1024
1
4194
2862
0

1024
1
4194
2826
0

1024
1
4194
2790
0

1024
1
4194
2754
0

1024
1
4230
2754
0

1024
1
4230
2790
0

1024
1
4230
2826
0

1024
1
4230
2862
0

1024
1
4230
2898
0

1024
1
4230
2934
0

1024
1
4230
2970
0

1024
1
4230
3006
0

1024
1
4230
3042
0

1024
1
4230
3078
0

1024
1
4230
3114
0

1024
1
4266
3078
0

1024
1
4266
3042
0

1024
1
4266
3006
0

1024
1
4266
2970
0

1024
1
4266
2934
0

1024
1
4266
2898
0

1024
1
4266
2862
0

1024
1
4266
2826
0

1024
1
4266
2790
0

1024
1
4266
2754
0

1024
1
4302
2754
0

1024
1
4302
2790
0

1024
1
4302
2826
0

1024
1
4302
2862
0

1024
1
4302
2898
0

1024
1
4302
2934
0

1024
1
4302
2970
0

1024
1
4302
3006
0

1024
1
4302
3042
0

1024
1
4302
3078
0

1024
1
4338
3078
0

1024
1
4338
3042
0

1024
1
4338
3006
0

1024
1
4338
2970
0

1024
1
4338
2934
0

1024
1
4338
2898
0

1024
1
4338
2862
0

1024
1
4338
2826
0

1024
1
4338
2790
0

1024
1
4338
2754
0

1024
1
4374
3474
0

1024
1
4374
3438
0

1024
1
4374
3402
0

1024
1
4338
3402
0

1024
1
4338
3366
0

1024
1
4338
3330
0

1024
1
4374
3294
0

1024
1
4374
3366
0

1024
1
4374
3330
0

1024
1
4374
3258
0

1024
1
4374
3222
0

1024
1
4374
3186
0

1024
1
4374
3150
0

1024
1
4374
3114
0

1024
1
4374
3078
0

1024
1
4374
3042
0

1024
1
4374
3006
0

1024
1
4374
2970
0

1024
1
4374
2934
0

1024
1
4374
2898
0

1024
1
4374
2862
0

1024
1
4374
2826
0

1024
1
4374
2790
0

1024
1
4374
2754
0

1024
1
4410
2754
0

1024
1
4410
2790
0

1024
1
4410
2826
0

1024
1
4410
2862
0

1024
1
4410
2898
0

1024
1
4410
2934
0

1024
1
4410
2970
0

1024
1
4410
3006
0

1024
1
4410
3042
0

1024
1
4410
3078
0

1024
1
4410
3114
0

1024
1
4410
3150
0

1024
1
4410
3186
0

1024
1
4410
3222
0

1024
1
4410
3258
0

1024
1
4410
3294
0

1024
1
4410
3330
0

1024
1
4410
3366
0

1024
1
4410
3402
0

1024
1
4410
3438
0

1024
1
4410
3474
0

1024
1
4446
3474
0

1024
1
4446
3438
0

1024
1
4446
3402
0

1024
1
4446
3366
0

1024
1
4446
3330
0

1024
1
4446
3294
0

1024
1
4446
3258
0

1024
1
4446
3222
0

1024
1
4446
3186
0

1024
1
4446
3150
0

1024
1
4446
3114
0

1024
1
4446
3078
0

1024
1
4446
3042
0

1024
1
4446
3006
0

1024
1
4446
2970
0

1024
1
4446
2934
0

1024
1
4446
2898
0

1024
1
4446
2862
0

1024
1
4446
2826
0

1024
1
4446
2790
0

1024
1
4446
2754
0

1024
1
4482
2754
0

1024
1
4482
2790
0

1024
1
4482
2826
0

1024
1
4482
2862
0

1024
1
4482
2898
0

1024
1
4482
2934
0

1024
1
4482
2970
0

1024
1
4482
3006
0

1024
1
4482
3042
0

1024
1
4482
3078
0

1024
1
4482
3114
0

1024
1
4482
3150
0

1024
1
4482
3186
0

1024
1
4482
3222
0

1024
1
4482
3258
0

1024
1
4482
3294
0

1024
1
4482
3330
0

1024
1
4482
3366
0

1024
1
4482
3402
0

1024
1
4482
3438
0

1024
1
4518
3438
0

1024
1
4518
3402
0

1024
1
4518
3366
0

1024
1
4518
3330
0

1024
1
4518
3294
0

1024
1
4518
3258
0

1024
1
4518
3222
0

1024
1
4518
3186
0

1024
1
4518
3150
0

1024
1
4518
3114
0

1024
1
4518
3078
0

1024
1
4518
3042
0

1024
1
4518
3006
0

1024
1
4518
2970
0

1024
1
4518
2934
0

1024
1
4518
2898
0

1024
1
4518
2862
0

1024
1
4518
2826
0

1024
1
4518
2790
0

1024
1
4518
2754
0

1024
1
4554
2754
0

1024
1
4554
2790
0

1024
1
4554
2826
0

1024
1
4554
2862
0

1024
1
4554
2898
0

1024
1
4554
2934
0

1024
1
4554
2970
0

1024
1
4554
3006
0

1024
1
4554
3042
0

1024
1
4554
3078
0

1024
1
4554
3114
0

1024
1
4554
3150
0

1024
1
4554
3186
0

1024
1
4554
3222
0

1024
1
4554
3258
0

1024
1
4554
3294
0

1024
1
4554
3330
0

1024
1
4554
3366
0

1024
1
4554
3402
0

1024
1
4554
3438
0

1024
1
4554
3474
0

1024
1
4590
3474
0

1024
1
4590
3438
0

1024
1
4590
3402
0

1024
1
4590
3366
0

1024
1
4590
3330
0

1024
1
4590
3294
0

1024
1
4590
3258
0

1024
1
4590
3222
0

1024
1
4590
3186
0

1024
1
4590
3150
0

1024
1
4590
3114
0

1024
1
4590
3078
0

1024
1
4590
3042
0

1024
1
4590
3006
0

1024
1
4590
2970
0

1024
1
4590
2934
0

1024
1
4590
2898
0

1024
1
4590
2862
0

1024
1
4590
2826
0

1024
1
4590
2790
0

1024
1
4590
2754
0

1024
1
4626
2754
0

1024
1
4626
2790
0

1024
1
4626
2826
0

1024
1
4626
2862
0

1024
1
4626
2898
0

1024
1
4626
2934
0

1024
1
4626
2970
0

1024
1
4626
3006
0

1024
1
4626
3042
0

1024
1
4626
3078
0

1024
1
4626
3114
0

1024
1
4626
3150
0

1024
1
4626
3186
0

1024
1
4626
3222
0

1024
1
4626
3258
0

1024
1
4626
3294
0

1024
1
4626
3330
0

1024
1
4626
3366
0

1024
1
4626
3402
0

1024
1
4626
3438
0

1024
1
4626
3474
0

1024
1
4662
3474
0

1024
1
4662
3438
0

1024
1
4662
3402
0

1024
1
4662
3366
0

1024
1
4662
3330
0

1024
1
4662
3294
0

1024
1
4662
3258
0

1024
1
4662
3222
0

1024
1
4662
3186
0

1024
1
4662
3150
0

1024
1
4662
3114
0

1024
1
4662
3078
0

1024
1
4662
3042
0

1024
1
4662
3006
0

1024
1
4662
2970
0

1024
1
4662
2934
0

1024
1
4662
2898
0

1024
1
4662
2862
0

1024
1
4662
2826
0

1024
1
4662
2790
0

1024
1
4662
2754
0

1024
1
4698
2754
0

1024
1
4698
2790
0

1024
1
4698
2826
0

1024
1
4698
2862
0

1024
1
4698
2898
0

1024
1
4698
2934
0

1024
1
4698
2970
0

1024
1
4698
3006
0

1024
1
4698
3042
0

1024
1
4698
3078
0

1024
1
4698
3114
0

1024
1
4698
3150
0

1024
1
4698
3186
0

1024
1
4698
3222
0

1024
1
4698
3258
0

1024
1
4698
3294
0

1024
1
4698
3330
0

1024
1
4698
3366
0

1024
1
4698
3402
0

1024
1
4698
3438
0

1024
1
4698
3474
0

1024
1
4734
3474
0

1024
1
4734
3438
0

1024
1
4734
3402
0

1024
1
4734
3366
0

1024
1
4734
3330
0

1024
1
4734
3294
0

1024
1
4734
3258
0

1024
1
4734
3222
0

1024
1
4734
3186
0

1024
1
4734
3150
0

1024
1
4734
3114
0

1024
1
4734
3078
0

1024
1
4734
3042
0

1024
1
4734
3006
0

1024
1
4734
2970
0

1024
1
4734
2934
0

1024
1
4734
2898
0

1024
1
4734
2862
0

1024
1
4734
2826
0

1024
1
4734
2790
0

1024
1
4734
2754
0

1024
1
4770
2754
0

1024
1
4770
2790
0

1024
1
4770
2826
0

1024
1
4770
2862
0

1024
1
4770
2898
0

1024
1
4770
2934
0

1024
1
4770
2970
0

1024
1
4770
3006
0

1024
1
4770
3042
0

1024
1
4770
3078
0

1024
1
4770
3114
0

1024
1
4770
3150
0

1024
1
4770
3186
0

1024
1
4770
3222
0

1024
1
4770
3258
0

1024
1
4770
3294
0

1024
1
4770
3330
0

1024
1
4770
3366
0

1024
1
4770
3402
0

1024
1
4770
3438
0

1024
1
4770
3474
0

1024
1
4806
3474
0

1024
1
4806
3438
0

1024
1
4806
3402
0

1024
1
4806
3366
0

1024
1
4806
3330
0

1024
1
4806
3294
0

1024
1
4806
3258
0

1024
1
4806
3222
0

1024
1
4806
2934
0

1024
1
4806
2898
0

1024
1
4806
2862
0

1024
1
4806
2826
0

1024
1
4806
2790
0

1024
1
4806
2754
0

1024
1
4842
2754
0

1024
1
4842
2790
0

1024
1
4842
2826
0

1024
1
4842
2862
0

1024
1
4842
2898
0

1024
1
4806
2970
0

1024
1
4806
3006
0

1024
1
4806
3042
0

1024
1
4806
3078
0

1024
1
4806
3114
0

1024
1
4806
3150
0

1024
1
4806
3186
0

1024
1
4842
3114
0

1024
1
4842
3078
0

1024
1
4842
3042
0

1024
1
4842
3006
0

1024
1
4842
2970
0

1024
1
4842
2934
0

1024
1
4842
3150
0

1024
1
4842
3186
0

1024
1
4842
3222
0

1024
1
4842
3258
0

1024
1
4842
3294
0

1024
1
4842
3330
0

1024
1
4842
3366
0

1024
1
4842
3402
0

1024
1
4842
3438
0

1024
1
4842
3474
0

1024
1
4878
3438
0

1024
1
4878
3402
0

1024
1
4878
3366
0

1024
1
4878
3330
0

1024
1
4878
3294
0

1024
1
4878
3258
0

1024
1
4878
3222
0

1024
1
4878
3186
0

1024
1
4878
3150
0

1024
1
4878
3114
0

1024
1
4878
3078
0

1024
1
4878
3042
0

1024
1
4878
3006
0

1024
1
4878
2970
0

1024
1
4878
2934
0

1024
1
4878
2826
0

1024
1
4878
2790
0

1024
1
4878
2754
0

1024
1
4914
2790
0

1024
1
4914
2826
0

1024
1
4914
2862
0

1024
1
4878
2862
0

1024
1
4878
2898
0

1024
1
4914
2754
0

1024
1
4986
3438
0

1024
1
4914
2898
0

1024
1
4914
2934
0

1024
1
4914
2970
0

1024
1
4914
3006
0

1024
1
4914
3078
0

1024
1
4914
3114
0

1024
1
4914
3150
0

1024
1
4914
3186
0

1024
1
4914
3222
0

1024
1
4914
3258
0

1024
1
4914
3294
0

1024
1
4914
3330
0

1024
1
4914
3366
0

1024
1
4914
3402
0

1024
1
4914
3438
0

1024
1
4914
3474
0

1024
1
4950
3438
0

1024
1
4950
3402
0

1024
1
4950
3366
0

1024
1
4950
3330
0

1024
1
4950
3294
0

1024
1
4950
3258
0

1024
1
4950
3222
0

1024
1
4950
3186
0

1024
1
4950
3150
0

1024
1
4950
3114
0

1024
1
4950
3078
0

1024
1
4950
3042
0

1024
1
4914
3042
0

1024
1
4950
2826
0

1024
1
4950
2790
0

1024
1
4950
2754
0

1024
1
4950
2862
0

1024
1
4950
2898
0

1024
1
4950
2934
0

1024
1
4950
2970
0

1024
1
4950
3006
0

1024
1
4986
2862
0

1024
1
4986
2826
0

1024
1
4986
2790
0

1024
1
4986
2754
0

1024
1
4986
2898
0

1024
1
4986
2934
0

1024
1
4986
2970
0

1024
1
4986
3006
0

1024
1
4986
3042
0

1024
1
4986
3078
0

1024
1
4986
3114
0

1024
1
4986
3150
0

1024
1
4986
3186
0

1024
1
4986
3222
0

1024
1
4986
3258
0

1024
1
4986
3294
0

1024
1
4986
3330
0

1024
1
4986
3366
0

1024
1
1422
3438
0

735
