128
43
92
1566
3330
0

0
43
84
1566
3042
0

0
99
96
3582
3474
0

0
35
92
1278
3330
0

0
35
84
1278
3042
0

0
36
92
1314
3330
0

0
36
84
1314
3042
0

0
37
92
1350
3330
0

0
37
84
1350
3042
0

0
38
92
1386
3330
0

0
38
84
1386
3042
0

0
39
92
1422
3330
0

0
39
84
1422
3042
0

0
40
92
1458
3330
0

0
40
84
1458
3042
0

0
41
92
1494
3330
0

0
41
84
1494
3042
0

0
42
92
1530
3330
0

0
42
84
1530
3042
0

0
44
92
1602
3330
0

0
44
84
1602
3042
0

0
45
92
1638
3330
0

0
45
84
1638
3042
0

0
46
92
1674
3330
0

0
46
84
1674
3042
0

0
47
92
1710
3330
0

0
47
84
1710
3042
0

0
48
92
1746
3330
0

0
48
84
1746
3042
0

0
49
92
1782
3330
0

0
49
84
1782
3042
0

0
50
92
1818
3330
0

0
50
84
1818
3042
0

0
51
92
1854
3330
0

0
51
84
1854
3042
0

0
52
92
1890
3330
0

0
52
84
1890
3042
0

0
53
92
1926
3330
0

0
53
84
1926
3042
0

0
54
92
1962
3330
0

0
54
84
1962
3042
0

0
55
92
1998
3330
0

3
55
84
1998
3042
0

0
56
84
2034
3042
0

0
56
93
2034
3366
0

2
57
84
2070
3042
0

0
57
94
2070
3402
0

2
58
84
2106
3042
0

0
58
95
2106
3438
0

2
59
84
2142
3042
0

0
59
96
2142
3474
0

3
60
84
2178
3042
0

0
60
96
2178
3474
0

0
61
84
2214
3042
0

0
61
96
2214
3474
0

0
62
84
2250
3042
0

0
62
96
2250
3474
0

0
63
84
2286
3042
0

0
63
96
2286
3474
0

0
64
84
2322
3042
0

0
64
96
2322
3474
0

0
65
84
2358
3042
0

0
65
96
2358
3474
0

0
66
84
2394
3042
0

0
66
96
2394
3474
0

0
67
84
2430
3042
0

0
67
96
2430
3474
0

0
68
84
2466
3042
0

0
68
96
2466
3474
0

0
69
84
2502
3042
0

0
69
96
2502
3474
0

0
70
84
2538
3042
0

0
70
96
2538
3474
0

0
71
84
2574
3042
0

0
71
96
2574
3474
0

0
72
84
2610
3042
0

0
72
96
2610
3474
0

0
73
84
2646
3042
0

0
73
96
2646
3474
0

0
74
96
2682
3474
0

0
75
96
2718
3474
0

0
76
96
2754
3474
0

0
77
96
2790
3474
0

0
78
96
2826
3474
0

0
79
96
2862
3474
0

0
80
96
2898
3474
0

0
81
96
2934
3474
0

0
82
96
2970
3474
0

0
83
96
3006
3474
0

0
84
96
3042
3474
0

0
85
96
3078
3474
0

0
86
96
3114
3474
0

0
87
96
3150
3474
0

0
88
96
3186
3474
0

0
89
96
3222
3474
0

0
90
96
3258
3474
0

0
91
96
3294
3474
0

0
92
96
3330
3474
0

0
93
96
3366
3474
0

0
94
96
3402
3474
0

0
95
96
3438
3474
0

0
96
96
3474
3474
0

0
97
96
3510
3474
0

0
98
96
3546
3474
0

0
100
96
3618
3474
0

0
101
96
3654
3474
0

0
102
96
3690
3474
0

0
103
96
3726
3474
0

0
104
96
3762
3474
0

0
105
96
3798
3474
0

0
106
96
3834
3474
0

0
107
96
3870
3474
0

0
108
96
3906
3474
0

0
109
96
3942
3474
0

0
110
96
3978
3474
0

0
111
96
4014
3474
0

0
112
96
4050
3474
0

0
113
96
4086
3474
0

0
114
96
4122
3474
0

0
115
96
4158
3474
0

0
116
96
4194
3474
0

0
117
96
4230
3474
0

0
118
96
4266
3474
0

0
119
96
4302
3474
0

0
120
96
4338
3474
0

0
121
96
4374
3474
0

0
122
96
4410
3474
0

0
123
96
4446
3474
0

0
