43
33
49
1206
1782
0

0
42
49
1530
1782
0

0
34
49
1242
1782
0

0
36
49
1314
1782
0

0
37
49
1350
1782
0

0
39
49
1422
1782
0

0
35
49
1278
1782
0

0
38
49
1386
1782
0

0
40
49
1458
1782
0

0
44
49
1602
1782
0

0
45
49
1638
1782
0

0
41
49
1494
1782
0

0
46
49
1674
1782
0

0
47
49
1710
1782
0

0
49
49
1782
1782
0

0
50
49
1818
1782
0

0
51
49
1854
1782
0

0
43
49
1566
1782
0

0
48
49
1746
1782
0

0
52
49
1890
1782
0

0
54
49
1962
1782
0

0
57
49
2070
1782
0

0
58
49
2106
1782
0

0
60
49
2178
1782
0

0
63
49
2286
1782
0

0
64
49
2322
1782
0

0
65
49
2358
1782
0

0
66
49
2394
1782
0

0
68
49
2466
1782
0

0
70
49
2538
1782
0

0
72
49
2610
1782
0

0
73
49
2646
1782
0

0
74
49
2682
1782
0

0
75
49
2718
1782
0

0
71
49
2574
1782
0

0
69
49
2502
1782
0

0
67
49
2430
1782
0

0
62
49
2250
1782
0

0
61
49
2214
1782
0

0
59
49
2142
1782
0

0
56
49
2034
1782
0

0
55
49
1998
1782
0

0
53
49
1926
1782
0

0
