122
1188
1800
0
1224
1800
0
1224
1836
0
1188
1836
0
1152
1800
0
1188
1800
0
1188
1836
0
1152
1836
0
1152
1764
0
1188
1764
0
1188
1800
0
1152
1800
0
1152
1728
0
1188
1728
0
1188
1764
0
1152
1764
0
1152
1692
0
1188
1692
0
1188
1728
0
1152
1728
0
1152
1656
0
1188
1656
0
1188
1692
0
1152
1692
0
1152
1620
0
1188
1620
0
1188
1656
0
1152
1656
0
1152
1584
0
1188
1584
0
1188
1620
0
1152
1620
0
1152
1548
0
1188
1548
0
1188
1584
0
1152
1584
0
1152
1512
0
1188
1512
0
1188
1548
0
1152
1548
0
1152
1476
0
1188
1476
0
1188
1512
0
1152
1512
0
1152
1440
0
1188
1440
0
1188
1476
0
1152
1476
0
1152
1404
0
1188
1404
0
1188
1440
0
1152
1440
0
1152
1368
0
1188
1368
0
1188
1404
0
1152
1404
0
1152
1332
0
1188
1332
0
1188
1368
0
1152
1368
0
1152
1296
0
1188
1296
0
1188
1332
0
1152
1332
0
1152
1260
0
1188
1260
0
1188
1296
0
1152
1296
0
1152
1224
0
1188
1224
0
1188
1260
0
1152
1260
0
1224
1800
0
1260
1800
0
1260
1836
0
1224
1836
0
1260
1800
0
1296
1800
0
1296
1836
0
1260
1836
0
1296
1800
0
1332
1800
0
1332
1836
0
1296
1836
0
1332
1800
0
1368
1800
0
1368
1836
0
1332
1836
0
1368
1800
0
1404
1800
0
1404
1836
0
1368
1836
0
1404
1800
0
1440
1800
0
1440
1836
0
1404
1836
0
1440
1800
0
1476
1800
0
1476
1836
0
1440
1836
0
1476
1800
0
1512
1800
0
1512
1836
0
1476
1836
0
1512
1800
0
1548
1800
0
1548
1836
0
1512
1836
0
1548
1800
0
1584
1800
0
1584
1836
0
1548
1836
0
1584
1800
0
1620
1800
0
1620
1836
0
1584
1836
0
1620
1800
0
1656
1800
0
1656
1836
0
1620
1836
0
1692
1800
0
1728
1800
0
1728
1836
0
1692
1836
0
1764
1800
0
1800
1800
0
1800
1836
0
1764
1836
0
1656
1800
0
1692
1800
0
1692
1836
0
1656
1836
0
1728
1800
0
1764
1800
0
1764
1836
0
1728
1836
0
1800
1800
0
1836
1800
0
1836
1836
0
1800
1836
0
1836
1800
0
1872
1800
0
1872
1836
0
1836
1836
0
1944
1800
0
1980
1800
0
1980
1836
0
1944
1836
0
1980
1800
0
2016
1800
0
2016
1836
0
1980
1836
0
2016
1800
0
2052
1800
0
2052
1836
0
2016
1836
0
2052
1800
0
2088
1800
0
2088
1836
0
2052
1836
0
2088
1800
0
2124
1800
0
2124
1836
0
2088
1836
0
1872
1800
0
1908
1800
0
1908
1836
0
1872
1836
0
1908
1800
0
1944
1800
0
1944
1836
0
1908
1836
0
2124
1800
0
2160
1800
0
2160
1836
0
2124
1836
0
2160
1800
0
2196
1800
0
2196
1836
0
2160
1836
0
2196
1800
0
2232
1800
0
2232
1836
0
2196
1836
0
2232
1800
0
2268
1800
0
2268
1836
0
2232
1836
0
2268
1800
0
2304
1800
0
2304
1836
0
2268
1836
0
2304
1800
0
2340
1800
0
2340
1836
0
2304
1836
0
2376
1800
0
2412
1800
0
2412
1836
0
2376
1836
0
2412
1800
0
2448
1800
0
2448
1836
0
2412
1836
0
2448
1800
0
2484
1800
0
2484
1836
0
2448
1836
0
2484
1800
0
2520
1800
0
2520
1836
0
2484
1836
0
2520
1800
0
2556
1800
0
2556
1836
0
2520
1836
0
2556
1800
0
2592
1800
0
2592
1836
0
2556
1836
0
2340
1800
0
2376
1800
0
2376
1836
0
2340
1836
0
2592
1800
0
2628
1800
0
2628
1836
0
2592
1836
0
2628
1800
0
2664
1800
0
2664
1836
0
2628
1836
0
2664
1800
0
2700
1800
0
2700
1836
0
2664
1836
0
2700
1800
0
2736
1800
0
2736
1836
0
2700
1836
0
2736
1800
0
2772
1800
0
2772
1836
0
2736
1836
0
2736
1764
0
2772
1764
0
2772
1800
0
2736
1800
0
2736
1728
0
2772
1728
0
2772
1764
0
2736
1764
0
2736
1692
0
2772
1692
0
2772
1728
0
2736
1728
0
2736
1656
0
2772
1656
0
2772
1692
0
2736
1692
0
2736
1620
0
2772
1620
0
2772
1656
0
2736
1656
0
2736
1584
0
2772
1584
0
2772
1620
0
2736
1620
0
2736
1548
0
2772
1548
0
2772
1584
0
2736
1584
0
2736
1512
0
2772
1512
0
2772
1548
0
2736
1548
0
2736
1476
0
2772
1476
0
2772
1512
0
2736
1512
0
2736
1440
0
2772
1440
0
2772
1476
0
2736
1476
0
2736
1404
0
2772
1404
0
2772
1440
0
2736
1440
0
2736
1368
0
2772
1368
0
2772
1404
0
2736
1404
0
2736
1332
0
2772
1332
0
2772
1368
0
2736
1368
0
2736
1296
0
2772
1296
0
2772
1332
0
2736
1332
0
2736
1260
0
2772
1260
0
2772
1296
0
2736
1296
0
2736
1224
0
2772
1224
0
2772
1260
0
2736
1260
0
2736
1188
0
2772
1188
0
2772
1224
0
2736
1224
0
1188
1188
0
1224
1188
0
1224
1224
0
1188
1224
0
1224
1188
0
1260
1188
0
1260
1224
0
1224
1224
0
1152
1188
0
1188
1188
0
1188
1224
0
1152
1224
0
1260
1188
0
1296
1188
0
1296
1224
0
1260
1224
0
1332
1188
0
1368
1188
0
1368
1224
0
1332
1224
0
1404
1188
0
1440
1188
0
1440
1224
0
1404
1224
0
1440
1188
0
1476
1188
0
1476
1224
0
1440
1224
0
1296
1188
0
1332
1188
0
1332
1224
0
1296
1224
0
1476
1188
0
1512
1188
0
1512
1224
0
1476
1224
0
1512
1188
0
1548
1188
0
1548
1224
0
1512
1224
0
1548
1188
0
1584
1188
0
1584
1224
0
1548
1224
0
1584
1188
0
1620
1188
0
1620
1224
0
1584
1224
0
1620
1188
0
1656
1188
0
1656
1224
0
1620
1224
0
1368
1188
0
1404
1188
0
1404
1224
0
1368
1224
0
1656
1188
0
1692
1188
0
1692
1224
0
1656
1224
0
1692
1188
0
1728
1188
0
1728
1224
0
1692
1224
0
1728
1188
0
1764
1188
0
1764
1224
0
1728
1224
0
1764
1188
0
1800
1188
0
1800
1224
0
1764
1224
0
1800
1188
0
1836
1188
0
1836
1224
0
1800
1224
0
1836
1188
0
1872
1188
0
1872
1224
0
1836
1224
0
1872
1188
0
1908
1188
0
1908
1224
0
1872
1224
0
1908
1188
0
1944
1188
0
1944
1224
0
1908
1224
0
1944
1188
0
1980
1188
0
1980
1224
0
1944
1224
0
1980
1188
0
2016
1188
0
2016
1224
0
1980
1224
0
2016
1188
0
2052
1188
0
2052
1224
0
2016
1224
0
2052
1188
0
2088
1188
0
2088
1224
0
2052
1224
0
2088
1188
0
2124
1188
0
2124
1224
0
2088
1224
0
2124
1188
0
2160
1188
0
2160
1224
0
2124
1224
0
2160
1188
0
2196
1188
0
2196
1224
0
2160
1224
0
2196
1188
0
2232
1188
0
2232
1224
0
2196
1224
0
2232
1188
0
2268
1188
0
2268
1224
0
2232
1224
0
2268
1188
0
2304
1188
0
2304
1224
0
2268
1224
0
2304
1188
0
2340
1188
0
2340
1224
0
2304
1224
0
2340
1188
0
2376
1188
0
2376
1224
0
2340
1224
0
2376
1188
0
2412
1188
0
2412
1224
0
2376
1224
0
2412
1188
0
2448
1188
0
2448
1224
0
2412
1224
0
2484
1188
0
2520
1188
0
2520
1224
0
2484
1224
0
2520
1188
0
2556
1188
0
2556
1224
0
2520
1224
0
2556
1188
0
2592
1188
0
2592
1224
0
2556
1224
0
2592
1188
0
2628
1188
0
2628
1224
0
2592
1224
0
2628
1188
0
2664
1188
0
2664
1224
0
2628
1224
0
2664
1188
0
2700
1188
0
2700
1224
0
2664
1224
0
2700
1188
0
2736
1188
0
2736
1224
0
2700
1224
0
2448
1188
0
2484
1188
0
2484
1224
0
2448
1224
0
0
