354
31
46
1134
1674
0

3
87
56
3150
2034
0

0
87
46
3150
1674
0

0
23
46
846
1674
0

0
24
46
882
1674
0

0
25
46
918
1674
0

0
26
46
954
1674
0

0
27
46
990
1674
0

0
28
46
1026
1674
0

0
29
46
1062
1674
0

0
30
46
1098
1674
0

0
41
56
1494
2034
0

3
41
46
1494
1674
0

0
32
47
1170
1710
0

2
32
46
1170
1674
0

0
33
48
1206
1746
0

2
33
46
1206
1674
0

0
34
49
1242
1782
0

2
34
46
1242
1674
0

0
35
50
1278
1818
0

2
35
46
1278
1674
0

0
36
51
1314
1854
0

2
36
46
1314
1674
0

0
37
52
1350
1890
0

2
37
46
1350
1674
0

0
38
53
1386
1926
0

2
38
46
1386
1674
0

0
39
46
1422
1674
0

0
39
54
1422
1962
0

2
40
55
1458
1998
0

2
40
46
1458
1674
0

0
42
46
1530
1674
0

0
42
56
1530
2034
0

0
43
46
1566
1674
0

0
43
56
1566
2034
0

0
44
46
1602
1674
0

0
44
56
1602
2034
0

0
45
56
1638
2034
0

0
45
46
1638
1674
0

0
46
56
1674
2034
0

0
46
46
1674
1674
0

0
47
56
1710
2034
0

0
47
46
1710
1674
0

0
48
56
1746
2034
0

0
48
46
1746
1674
0

0
49
56
1782
2034
0

0
49
46
1782
1674
0

0
50
56
1818
2034
0

0
50
46
1818
1674
0

0
51
56
1854
2034
0

0
51
46
1854
1674
0

0
52
56
1890
2034
0

0
52
46
1890
1674
0

0
53
56
1926
2034
0

0
53
46
1926
1674
0

0
54
56
1962
2034
0

0
54
46
1962
1674
0

0
55
56
1998
2034
0

0
55
46
1998
1674
0

0
56
56
2034
2034
0

0
56
46
2034
1674
0

0
57
56
2070
2034
0

0
57
46
2070
1674
0

0
58
46
2106
1674
0

0
58
56
2106
2034
0

0
59
46
2142
1674
0

0
59
56
2142
2034
0

0
60
46
2178
1674
0

0
60
56
2178
2034
0

0
61
46
2214
1674
0

0
61
56
2214
2034
0

0
62
46
2250
1674
0

0
62
56
2250
2034
0

0
63
46
2286
1674
0

0
63
56
2286
2034
0

0
64
46
2322
1674
0

0
64
56
2322
2034
0

0
66
46
2394
1674
0

0
66
56
2394
2034
0

0
67
46
2430
1674
0

0
67
56
2430
2034
0

0
68
46
2466
1674
0

0
68
56
2466
2034
0

0
69
46
2502
1674
0

0
69
56
2502
2034
0

0
70
46
2538
1674
0

0
70
56
2538
2034
0

0
71
46
2574
1674
0

0
71
56
2574
2034
0

0
65
46
2358
1674
0

0
65
56
2358
2034
0

0
72
56
2610
2034
0

0
72
46
2610
1674
0

0
73
56
2646
2034
0

0
73
46
2646
1674
0

0
74
56
2682
2034
0

0
74
46
2682
1674
0

0
75
46
2718
1674
0

0
75
56
2718
2034
0

0
77
46
2790
1674
0

0
77
56
2790
2034
0

0
78
46
2826
1674
0

0
78
56
2826
2034
0

0
79
46
2862
1674
0

0
79
56
2862
2034
0

0
80
46
2898
1674
0

0
80
56
2898
2034
0

0
81
46
2934
1674
0

0
81
56
2934
2034
0

0
82
46
2970
1674
0

0
82
56
2970
2034
0

0
83
46
3006
1674
0

0
83
56
3006
2034
0

0
76
46
2754
1674
0

0
76
56
2754
2034
0

0
84
56
3042
2034
0

0
84
46
3042
1674
0

0
85
56
3078
2034
0

0
85
46
3078
1674
0

0
86
56
3114
2034
0

0
86
46
3114
1674
0

0
88
56
3186
2034
0

0
88
46
3186
1674
0

0
89
46
3222
1674
0

0
89
56
3222
2034
0

0
90
46
3258
1674
0

0
90
56
3258
2034
0

0
91
46
3294
1674
0

0
91
56
3294
2034
0

0
92
46
3330
1674
0

0
92
56
3330
2034
0

0
93
46
3366
1674
0

0
93
56
3366
2034
0

0
94
46
3402
1674
0

0
94
56
3402
2034
0

0
95
46
3438
1674
0

0
95
56
3438
2034
0

0
96
46
3474
1674
0

0
96
56
3474
2034
0

0
97
46
3510
1674
0

0
97
56
3510
2034
0

0
98
46
3546
1674
0

0
98
56
3546
2034
0

0
99
46
3582
1674
0

0
99
56
3582
2034
0

0
100
46
3618
1674
0

0
100
56
3618
2034
0

0
100
36
3618
1314
0

0
101
46
3654
1674
0

0
101
56
3654
2034
0

0
101
36
3654
1314
0

0
103
46
3726
1674
0

1
103
56
3726
2034
0

0
103
36
3726
1314
0

1
114
56
4122
2034
0

1
114
46
4122
1674
0

0
114
66
4122
2394
0

0
114
36
4122
1314
0

0
102
46
3690
1674
0

0
102
56
3690
2034
0

0
102
36
3690
1314
0

0
104
46
3762
1674
0

0
104
56
3762
2034
0

0
104
36
3762
1314
0

0
105
46
3798
1674
0

0
105
56
3798
2034
0

0
105
36
3798
1314
0

0
106
46
3834
1674
0

0
106
56
3834
2034
0

0
106
36
3834
1314
0

0
107
46
3870
1674
0

0
107
56
3870
2034
0

0
107
36
3870
1314
0

0
108
46
3906
1674
0

0
108
56
3906
2034
0

0
108
36
3906
1314
0

0
109
46
3942
1674
0

0
109
56
3942
2034
0

0
109
36
3942
1314
0

0
110
46
3978
1674
0

0
110
56
3978
2034
0

0
110
66
3978
2394
0

0
110
36
3978
1314
0

0
111
46
4014
1674
0

0
111
56
4014
2034
0

0
111
66
4014
2394
0

0
111
36
4014
1314
0

0
112
46
4050
1674
0

0
112
56
4050
2034
0

0
112
66
4050
2394
0

0
112
36
4050
1314
0

0
113
46
4086
1674
0

0
113
56
4086
2034
0

0
113
66
4086
2394
0

0
113
36
4086
1314
0

0
115
46
4158
1674
0

0
115
56
4158
2034
0

0
115
66
4158
2394
0

1
115
36
4158
1314
0

0
116
46
4194
1674
0

0
116
56
4194
2034
0

0
116
66
4194
2394
0

0
116
36
4194
1314
0

0
117
46
4230
1674
0

0
117
56
4230
2034
0

0
117
66
4230
2394
0

0
117
36
4230
1314
0

0
118
56
4266
2034
0

0
118
46
4266
1674
0

0
118
66
4266
2394
0

0
118
36
4266
1314
0

0
119
56
4302
2034
0

0
119
46
4302
1674
0

0
119
66
4302
2394
0

0
119
36
4302
1314
0

0
120
56
4338
2034
0

0
120
46
4338
1674
0

0
120
66
4338
2394
0

0
120
36
4338
1314
0

0
121
56
4374
2034
0

0
121
46
4374
1674
0

0
121
66
4374
2394
0

0
121
36
4374
1314
0

0
122
56
4410
2034
0

0
122
46
4410
1674
0

0
122
66
4410
2394
0

0
122
36
4410
1314
0

0
123
56
4446
2034
0

0
123
46
4446
1674
0

0
123
66
4446
2394
0

0
123
36
4446
1314
0

0
124
56
4482
2034
0

0
124
46
4482
1674
0

0
124
66
4482
2394
0

0
124
36
4482
1314
0

0
125
56
4518
2034
0

0
125
46
4518
1674
0

0
125
66
4518
2394
0

0
125
36
4518
1314
0

0
126
56
4554
2034
0

0
126
46
4554
1674
0

0
126
66
4554
2394
0

0
126
36
4554
1314
0

0
127
56
4590
2034
0

0
127
46
4590
1674
0

0
127
66
4590
2394
0

0
127
36
4590
1314
0

0
128
56
4626
2034
0

0
128
46
4626
1674
0

0
128
66
4626
2394
0

0
128
36
4626
1314
0

0
129
56
4662
2034
0

0
129
46
4662
1674
0

0
129
66
4662
2394
0

0
129
36
4662
1314
0

0
130
56
4698
2034
0

0
130
46
4698
1674
0

0
130
66
4698
2394
0

0
130
36
4698
1314
0

0
131
56
4734
2034
0

0
131
46
4734
1674
0

0
131
66
4734
2394
0

0
131
36
4734
1314
0

0
132
56
4770
2034
0

0
132
46
4770
1674
0

0
132
66
4770
2394
0

0
132
36
4770
1314
0

0
133
46
4806
1674
0

0
133
56
4806
2034
0

0
133
66
4806
2394
0

0
133
36
4806
1314
0

0
134
46
4842
1674
0

0
134
56
4842
2034
0

3
134
66
4842
2394
0

0
134
36
4842
1314
0

0
135
46
4878
1674
0

0
135
55
4878
1998
0

2
135
66
4878
2394
0

0
135
36
4878
1314
0

0
136
54
4914
1962
0

2
136
46
4914
1674
0

0
136
66
4914
2394
0

0
136
36
4914
1314
0

0
137
46
4950
1674
0

0
137
53
4950
1926
0

2
137
66
4950
2394
0

0
137
36
4950
1314
0

0
138
46
4986
1674
0

0
138
36
4986
1314
0

0
138
52
4986
1890
0

2
138
66
4986
2394
0

0
139
46
5022
1674
0

0
139
51
5022
1854
0

2
139
66
5022
2394
0

0
139
36
5022
1314
0

0
140
46
5058
1674
0

0
140
66
5058
2394
0

0
140
50
5058
1818
0

2
140
36
5058
1314
0

0
141
46
5094
1674
0

0
141
49
5094
1782
0

2
141
66
5094
2394
0

0
141
36
5094
1314
0

0
142
46
5130
1674
0

0
142
48
5130
1746
0

2
142
66
5130
2394
0

0
142
36
5130
1314
0

0
144
46
5202
1674
0

3
144
66
5202
2394
0

0
144
36
5202
1314
0

0
143
47
5166
1710
0

2
143
46
5166
1674
0

0
143
66
5166
2394
0

0
143
36
5166
1314
0

0
145
46
5238
1674
0

0
145
66
5238
2394
0

0
145
36
5238
1314
0

0
146
46
5274
1674
0

0
146
66
5274
2394
0

0
146
36
5274
1314
0

0
147
46
5310
1674
0

0
147
66
5310
2394
0

0
147
36
5310
1314
0

0
148
46
5346
1674
0

0
148
66
5346
2394
0

0
148
36
5346
1314
0

0
149
46
5382
1674
0

0
149
66
5382
2394
0

0
149
36
5382
1314
0

0
150
46
5418
1674
0

0
150
66
5418
2394
0

0
150
36
5418
1314
0

0
151
66
5454
2394
0

0
151
36
5454
1314
0

0
152
66
5490
2394
0

0
153
66
5526
2394
0

0
154
66
5562
2394
0

0
155
66
5598
2394
0

0
156
66
5634
2394
0

0
157
66
5670
2394
0

0
158
66
5706
2394
0

0
159
66
5742
2394
0

0
160
66
5778
2394
0

0
161
66
5814
2394
0

0
162
66
5850
2394
0

0
163
66
5886
2394
0

0
164
66
5922
2394
0

0
165
66
5958
2394
0

0
166
66
5994
2394
0

0
167
66
6030
2394
0

0
168
66
6066
2394
0

0
169
66
6102
2394
0

0
170
66
6138
2394
0

0
171
66
6174
2394
0

0
