2
1511
2034
0
1137
1671
0
4831
2033
0
5199
1668
0
22
4173.94
1045.44
0
4173.94
1184.5
0
4250.19
1186.38
0
4250.5
1047
0
4323.38
1545.92
0
4322.62
1405.92
0
4246.38
1405.76
0
4246.11
1546.03
0
4500.56
1907.32
0
4501.29
1765.12
0
3814.12
1764.88
0
3814.12
1905.85
0
1308
1246
0
1308
1246
0
1398
1200
0
1398
1200
0
4422
1901
0
4422
1772
0
4133
2055
0
4134
2124
0
3964
2055
0
3964
2406
0
4423
2126
0
4423
2264
0
4504
2128
0
4504
2263
0
3894
1904
0
3894
1766
0
1613
1760
0
1613
1692
0
833
1405
0
833
1687
0
3811.86
1421.57
0
3811.86
1333
0
3639
1414.43
0
3639
1333.71
0
4721.57
1695.14
0
4721.57
1693.71
0
4721.57
1695.14
0
4721.57
1766.57
0
5431.71
1409.43
0
5431.71
1690.14
0
3607
1327
0
3607
1054
0
