33
9
5397
1267
0

-1
0
8
6131
2368
0

1
0
10
4240
1243
0

1
0
3
3973
1651
0

-1
1
3
4057
1650
0

-1
1
2
3674
1638
0

1
3
2
3933
1275
0

1
2
10
4310
1605
0

1
2
3
4370
1650
0

1
1
3
5283
1654
0

-1
1
3
4762
2008
0

1
1
10
4492
1964
0

1
1
2
3970
1998
0

1
2
10
3881
1963
0

1
2
3
4292
2014
0

1
2
3
3761
2004
0

-1
1
3
4360
2370
0

-1
1
3
4031
2373
0

1
1
10
4492
2325
0

1
1
3
4857
2359
0

-1
1
3
4569
2362
0

1
2
3
5160
2368
0

1
2
2
5519
2362
0

-1
2
3
3361
1994
0

1
2
3
2624
1986
0

1
2
3
1790
1989
0

-1
2
2
2233
1979
0

-1
2
2
3036
1987
0

1
2
3
895
1647
0

1
1
3
2706
1639
0

1
1
3
2500
1639
0

-1
1
3
2197
1640
0

-1
1
2
1829
1632
0

-1
1
