1104
0
5418
1422
0

512
0
5274
1350
0

527
0
5166
1350
0

527
0
5058
1350
0

527
0
4950
1350
0

527
0
4842
1350
0

527
0
4734
1350
0

527
0
4626
1350
0

527
0
4518
1350
0

527
0
4410
1350
0

527
0
4302
1350
0

527
0
4194
1350
0

527
0
4086
1350
0

527
0
3978
1350
0

527
0
3870
1350
0

527
0
3654
1206
0

504
0
5382
1278
0

503
0
5274
1278
0

503
0
5166
1278
0

503
0
5058
1278
0

503
0
4950
1278
0

503
0
4842
1278
0

503
0
4734
1278
0

503
0
4626
1278
0

503
0
4518
1278
0

503
0
4410
1278
0

503
0
4302
1278
0

503
0
4194
1278
0

503
0
4086
1278
0

503
0
3978
1278
0

503
0
3870
1278
0

503
0
3762
1278
0

503
0
5382
1242
0

504
0
5382
1206
0

504
0
4878
1242
0

504
0
4878
1206
0

504
0
5058
1062
0

505
0
5166
1062
0

505
0
5274
1062
0

505
0
5382
1062
0

505
0
4950
1062
0

505
0
4878
1062
0

505
0
4698
1062
0

505
0
4590
1062
0

505
0
4482
1062
0

505
0
4374
1062
0

505
0
4266
1062
0

505
0
4158
1062
0

505
0
4050
1062
0

505
0
3942
1062
0

505
0
3834
1062
0

505
0
3762
1062
0

505
0
5274
1206
0

504
0
5274
1242
0

504
0
5166
1206
0

504
0
5166
1242
0

504
0
5058
1206
0

504
0
5058
1242
0

504
0
4950
1206
0

504
0
4950
1242
0

504
0
5382
1134
0

504
0
5382
1170
0

504
0
5274
1134
0

504
0
5274
1170
0

504
0
5166
1134
0

504
0
5166
1170
0

504
0
5058
1134
0

504
0
5058
1170
0

504
0
4950
1134
0

504
0
4950
1170
0

504
0
4842
1134
0

504
0
4842
1170
0

504
0
3762
1134
0

504
0
3762
1170
0

504
0
3762
1206
0

504
0
3762
1242
0

504
0
3870
1134
0

504
0
3870
1170
0

504
0
3870
1206
0

504
0
3870
1242
0

504
0
3978
1134
0

504
0
3978
1170
0

504
0
3978
1206
0

504
0
3978
1242
0

504
0
4086
1134
0

504
0
4086
1170
0

504
0
4086
1206
0

504
0
4086
1242
0

504
0
4194
1134
0

504
0
4194
1170
0

504
0
4194
1206
0

504
0
4194
1242
0

504
0
4302
1134
0

504
0
4302
1170
0

504
0
4302
1206
0

504
0
4302
1242
0

504
0
4410
1134
0

504
0
4410
1170
0

504
0
4410
1206
0

504
0
4410
1242
0

504
0
4518
1134
0

504
0
4518
1170
0

504
0
4518
1206
0

504
0
4518
1242
0

504
0
4626
1134
0

504
0
4626
1170
0

504
0
4626
1206
0

504
0
4626
1242
0

504
0
4698
1134
0

504
0
4698
1170
0

504
0
4698
1206
0

504
0
4698
1242
0

504
0
5454
990
0

514
0
5418
990
0

514
0
5382
990
0

514
0
5346
990
0

514
0
5310
990
0

514
0
5274
990
0

514
0
5238
990
0

514
0
5202
990
0

514
0
5166
990
0

514
0
5130
990
0

514
0
5094
990
0

514
0
5058
990
0

514
0
5022
990
0

514
0
4986
990
0

514
0
4950
990
0

514
0
4914
990
0

514
0
4878
990
0

514
0
4842
990
0

514
0
4806
990
0

514
0
4770
990
0

514
0
4734
990
0

514
0
4698
990
0

514
0
4662
990
0

514
0
4626
990
0

514
0
4590
990
0

514
0
4554
990
0

514
0
4518
990
0

514
0
4482
990
0

514
0
4446
990
0

514
0
4410
990
0

514
0
4374
990
0

514
0
4338
990
0

514
0
4302
990
0

514
0
4266
990
0

514
0
4230
990
0

514
0
4194
990
0

514
0
4158
990
0

514
0
4122
990
0

514
0
4086
990
0

514
0
4050
990
0

514
0
4014
990
0

514
0
3978
990
0

514
0
3942
990
0

514
0
3906
990
0

514
0
3870
990
0

514
0
3834
990
0

514
0
3798
990
0

514
0
3762
990
0

514
0
3654
1242
0

504
0
3726
990
0

514
0
3690
990
0

514
0
3654
990
0

514
0
3654
1062
0

505
0
3654
1278
0

503
0
3654
1134
0

504
0
3654
1170
0

504
0
3798
1350
0

526
0
3726
1350
0

510
0
3654
1350
0

510
0
3582
1062
0

516
0
3582
990
0

529
0
3582
1350
0

520
0
3618
1350
0

294
0
3546
1350
0

514
0
3474
1350
0

514
0
3510
1350
0

514
0
3402
1350
0

514
0
3438
1350
0

514
0
3402
1422
0

505
0
3510
1422
0

505
0
3618
1422
0

505
0
3726
1422
0

505
0
3834
1422
0

505
0
3942
1422
0

505
0
4050
1422
0

505
0
4158
1422
0

505
0
4266
1422
0

505
0
4374
1422
0

505
0
4482
1422
0

505
0
4590
1422
0

505
0
4698
1422
0

505
0
4806
1422
0

505
0
4914
1422
0

505
0
5022
1422
0

505
0
5130
1422
0

505
0
5238
1422
0

505
0
5382
1350
0

527
0
5310
1422
0

505
0
5310
1638
0

503
0
5202
1638
0

503
0
5094
1638
0

503
0
4986
1638
0

503
0
4878
1638
0

503
0
4770
1638
0

503
0
4662
1638
0

503
0
4554
1638
0

503
0
4446
1638
0

503
0
4338
1638
0

503
0
4230
1638
0

503
0
4122
1638
0

503
0
4014
1638
0

503
0
3906
1638
0

503
0
3798
1638
0

503
0
3690
1638
0

503
0
3582
1638
0

503
0
3474
1638
0

503
0
3366
1638
0

503
0
3258
1638
0

503
0
3150
1638
0

503
0
3042
1638
0

503
0
2934
1638
0

503
0
2826
1638
0

503
0
2718
1638
0

503
0
2610
1638
0

503
0
2502
1638
0

503
0
2394
1638
0

503
0
2286
1638
0

503
0
2178
1638
0

503
0
2070
1638
0

503
0
1962
1638
0

503
0
1854
1638
0

503
0
1746
1638
0

503
0
1638
1638
0

503
0
1530
1638
0

503
0
1422
1638
0

503
0
1314
1638
0

503
0
1206
1638
0

503
0
1098
1638
0

503
0
990
1638
0

503
0
882
1638
0

503
0
5310
1494
0

504
0
5310
1530
0

504
0
5310
1566
0

504
0
5310
1602
0

504
0
5202
1494
0

504
0
5202
1530
0

504
0
5202
1566
0

504
0
5202
1602
0

504
0
5094
1494
0

504
0
5094
1530
0

504
0
5094
1566
0

504
0
5094
1602
0

504
0
4986
1602
0

504
0
4986
1566
0

504
0
4986
1530
0

504
0
4986
1494
0

504
0
4878
1494
0

504
0
4878
1530
0

504
0
4878
1566
0

504
0
4878
1602
0

504
0
4770
1494
0

504
0
4770
1530
0

504
0
4770
1566
0

504
0
4770
1602
0

504
0
4662
1494
0

504
0
4662
1530
0

504
0
4662
1566
0

504
0
4662
1602
0

504
0
4554
1494
0

504
0
4554
1530
0

504
0
4554
1566
0

504
0
4554
1602
0

504
0
4446
1494
0

504
0
4446
1530
0

504
0
4446
1566
0

504
0
4446
1602
0

504
0
4338
1494
0

504
0
4338
1530
0

504
0
4338
1566
0

504
0
4338
1602
0

504
0
4230
1494
0

504
0
4230
1530
0

504
0
4230
1566
0

504
0
4230
1602
0

504
0
4122
1494
0

504
0
4122
1530
0

504
0
4122
1566
0

504
0
4122
1602
0

504
0
4014
1494
0

504
0
4014
1530
0

504
0
4014
1566
0

504
0
4014
1602
0

504
0
3906
1494
0

504
0
3906
1530
0

504
0
3906
1566
0

504
0
3906
1602
0

504
0
3798
1494
0

504
0
3798
1530
0

504
0
3798
1566
0

504
0
3798
1602
0

504
0
3690
1494
0

504
0
3690
1530
0

504
0
3690
1566
0

504
0
3690
1602
0

504
0
3582
1494
0

504
0
3582
1530
0

504
0
3582
1566
0

504
0
3582
1602
0

504
0
3474
1494
0

504
0
3474
1530
0

504
0
3474
1566
0

504
0
3474
1602
0

504
0
3366
1494
0

504
0
3366
1530
0

504
0
3366
1566
0

504
0
3366
1602
0

504
0
3258
1494
0

504
0
3258
1530
0

504
0
3258
1566
0

504
0
3258
1602
0

504
0
3150
1494
0

504
0
3150
1530
0

504
0
3150
1566
0

504
0
3150
1602
0

504
0
3042
1494
0

504
0
3042
1530
0

504
0
3042
1566
0

504
0
3042
1602
0

504
0
2934
1494
0

504
0
2934
1530
0

504
0
2934
1566
0

504
0
2934
1602
0

504
0
2826
1494
0

504
0
2826
1530
0

504
0
2826
1602
0

504
0
2826
1566
0

504
0
2718
1494
0

504
0
2718
1530
0

504
0
2718
1566
0

504
0
2718
1602
0

504
0
2610
1494
0

504
0
2610
1530
0

504
0
2610
1566
0

504
0
2610
1602
0

504
0
2502
1494
0

504
0
2502
1530
0

504
0
2502
1566
0

504
0
2502
1602
0

504
0
2394
1494
0

504
0
2394
1530
0

504
0
2394
1566
0

504
0
2394
1602
0

504
0
2286
1494
0

504
0
2286
1530
0

504
0
2286
1566
0

504
0
2286
1602
0

504
0
2178
1494
0

504
0
2178
1530
0

504
0
2178
1566
0

504
0
2178
1602
0

504
0
2070
1494
0

504
0
2070
1530
0

504
0
2070
1566
0

504
0
2070
1602
0

504
0
1962
1494
0

504
0
1962
1530
0

504
0
1962
1566
0

504
0
1962
1602
0

504
0
1854
1494
0

504
0
1854
1530
0

504
0
1854
1566
0

504
0
1854
1602
0

504
0
1746
1494
0

504
0
1746
1530
0

504
0
1746
1566
0

504
0
1746
1602
0

504
0
1638
1494
0

504
0
1638
1530
0

504
0
1638
1566
0

504
0
1638
1602
0

504
0
1530
1494
0

504
0
1530
1530
0

504
0
1530
1566
0

504
0
1530
1602
0

504
0
1422
1494
0

504
0
1422
1530
0

504
0
1422
1566
0

504
0
1422
1602
0

504
0
1314
1494
0

504
0
1314
1530
0

504
0
1314
1566
0

504
0
1314
1602
0

504
0
1206
1494
0

504
0
1206
1530
0

504
0
1206
1566
0

504
0
1206
1602
0

504
0
1098
1494
0

504
0
1098
1530
0

504
0
1098
1566
0

504
0
1098
1602
0

504
0
990
1494
0

504
0
990
1530
0

504
0
990
1566
0

504
0
990
1602
0

504
0
882
1494
0

504
0
882
1530
0

504
0
882
1566
0

504
0
882
1602
0

504
0
3294
1422
0

505
0
3186
1422
0

505
0
3078
1422
0

505
0
2970
1422
0

505
0
2862
1422
0

505
0
2754
1422
0

505
0
2646
1422
0

505
0
2538
1422
0

505
0
2430
1422
0

505
0
2322
1422
0

505
0
2214
1422
0

505
0
2106
1422
0

505
0
1998
1422
0

505
0
1890
1422
0

505
0
1782
1422
0

505
0
1674
1422
0

505
0
1566
1422
0

505
0
1458
1422
0

505
0
1350
1422
0

505
0
1242
1422
0

505
0
1134
1422
0

505
0
1026
1422
0

505
0
918
1422
0

505
0
5130
1710
0

510
0
5058
1710
0

510
0
4986
1710
0

510
0
4914
1710
0

510
0
4842
1710
0

510
0
4770
1710
0

510
0
4698
1710
0

525
0
4590
1710
0

527
0
4482
1710
0

527
0
4374
1710
0

527
0
4266
1710
0

527
0
4158
1710
0

527
0
4050
1710
0

527
0
3942
1710
0

527
0
3834
1710
0

527
0
3726
1710
0

527
0
3618
1710
0

527
0
3510
1710
0

527
0
3402
1710
0

527
0
3294
1710
0

527
0
3186
1710
0

527
0
3078
1710
0

527
0
2970
1710
0

527
0
2862
1710
0

527
0
2754
1710
0

527
0
2646
1710
0

527
0
2538
1710
0

527
0
2430
1710
0

527
0
2322
1710
0

527
0
2214
1710
0

527
0
2106
1710
0

527
0
1998
1710
0

527
0
1890
1710
0

527
0
1782
1710
0

527
0
1674
1710
0

527
0
1314
1710
0

510
0
1386
1710
0

510
0
1206
1818
0

404
0
1458
2070
0

404
0
1134
1350
0

514
0
810
1422
0

516
0
882
1422
0

505
0
5022
1782
0

505
0
4914
1782
0

505
0
4806
1782
0

505
0
4698
1782
0

505
0
4950
1854
0

504
0
4842
1854
0

504
0
4734
1854
0

504
0
4914
1890
0

504
0
4806
1890
0

504
0
4698
1890
0

504
0
4734
1998
0

503
0
4842
1998
0

503
0
4626
1998
0

503
0
4518
1998
0

503
0
4410
1998
0

503
0
4302
1998
0

503
0
4194
1998
0

503
0
4086
1998
0

503
0
3978
1998
0

503
0
3870
1998
0

503
0
3762
1998
0

503
0
3654
1998
0

503
0
3546
1998
0

503
0
3438
1998
0

503
0
3330
1998
0

503
0
3222
1998
0

503
0
3114
1998
0

503
0
3006
1998
0

503
0
2898
1998
0

503
0
2790
1998
0

503
0
2682
1998
0

503
0
2574
1998
0

503
0
2466
1998
0

503
0
2358
1998
0

503
0
2250
1998
0

503
0
2142
1998
0

503
0
2034
1998
0

503
0
1926
1998
0

503
0
1818
1998
0

503
0
1710
1998
0

503
0
1602
1998
0

503
0
1494
1998
0

503
0
1818
1350
0

514
0
1782
1350
0

514
0
1566
1350
0

514
0
1386
1350
0

514
0
1242
1350
0

514
0
1026
1350
0

514
0
4878
1926
0

504
0
4770
1926
0

504
0
4842
1962
0

504
0
4734
1962
0

504
0
4662
1926
0

504
0
4662
1962
0

504
0
4590
1782
0

505
0
4482
1782
0

505
0
4374
1782
0

505
0
4266
1782
0

505
0
4158
1782
0

505
0
4050
1782
0

505
0
3942
1782
0

505
0
3834
1782
0

505
0
3726
1782
0

505
0
3618
1782
0

505
0
3510
1782
0

505
0
3402
1782
0

505
0
3294
1782
0

505
0
3186
1782
0

505
0
3078
1782
0

505
0
2970
1782
0

505
0
2862
1782
0

505
0
2754
1782
0

505
0
2646
1782
0

505
0
2538
1782
0

505
0
2430
1782
0

505
0
2322
1782
0

505
0
2214
1782
0

505
0
2106
1782
0

505
0
1998
1782
0

505
0
1890
1782
0

505
0
1782
1782
0

505
0
1674
1782
0

505
0
1566
1782
0

505
0
1458
1782
0

505
0
1350
1782
0

505
0
1602
1350
0

514
0
1170
1350
0

514
0
1098
1350
0

514
0
882
1350
0

514
0
4626
1854
0

504
0
4626
1890
0

504
0
4626
1926
0

504
0
4626
1962
0

504
0
4518
1854
0

504
0
4518
1890
0

504
0
4518
1926
0

504
0
4518
1962
0

504
0
4410
1854
0

504
0
4410
1890
0

504
0
4410
1926
0

504
0
4410
1962
0

504
0
4302
1854
0

504
0
4302
1890
0

504
0
4302
1926
0

504
0
4302
1962
0

504
0
4194
1854
0

504
0
4194
1890
0

504
0
4194
1926
0

504
0
4194
1962
0

504
0
4086
1854
0

504
0
4086
1890
0

504
0
4086
1926
0

504
0
4086
1962
0

504
0
3978
1854
0

504
0
3978
1890
0

504
0
3978
1926
0

504
0
3978
1962
0

504
0
3870
1854
0

504
0
3870
1890
0

504
0
3870
1926
0

504
0
3870
1962
0

504
0
3762
1854
0

504
0
3762
1890
0

504
0
3762
1926
0

504
0
3762
1962
0

504
0
3654
1854
0

504
0
3654
1890
0

504
0
3654
1926
0

504
0
3654
1962
0

504
0
3546
1854
0

504
0
3546
1890
0

504
0
3546
1926
0

504
0
3546
1962
0

504
0
3438
1854
0

504
0
3438
1890
0

504
0
3438
1926
0

504
0
3438
1962
0

504
0
3330
1854
0

504
0
3330
1890
0

504
0
3330
1926
0

504
0
3330
1962
0

504
0
3222
1854
0

504
0
3222
1890
0

504
0
3222
1926
0

504
0
3222
1962
0

504
0
3114
1854
0

504
0
3114
1890
0

504
0
3114
1926
0

504
0
3114
1962
0

504
0
3006
1854
0

504
0
3006
1890
0

504
0
3006
1926
0

504
0
3006
1962
0

504
0
2898
1854
0

504
0
2898
1890
0

504
0
2898
1926
0

504
0
2898
1962
0

504
0
2790
1854
0

504
0
2790
1890
0

504
0
2790
1926
0

504
0
2790
1962
0

504
0
2682
1854
0

504
0
2682
1890
0

504
0
2682
1926
0

504
0
2682
1962
0

504
0
2574
1854
0

504
0
2574
1890
0

504
0
2574
1926
0

504
0
2574
1962
0

504
0
2466
1854
0

504
0
2466
1890
0

504
0
2466
1926
0

504
0
2466
1962
0

504
0
2358
1854
0

504
0
2358
1890
0

504
0
2358
1926
0

504
0
2358
1962
0

504
0
2250
1854
0

504
0
2250
1890
0

504
0
2250
1926
0

504
0
2250
1962
0

504
0
2142
1854
0

504
0
2142
1890
0

504
0
2142
1926
0

504
0
2142
1962
0

504
0
2034
1854
0

504
0
2034
1890
0

504
0
2034
1926
0

504
0
2034
1962
0

504
0
1926
1854
0

504
0
1926
1890
0

504
0
1926
1926
0

504
0
1926
1962
0

504
0
1818
1854
0

504
0
1818
1890
0

504
0
1818
1926
0

504
0
1818
1962
0

504
0
1710
1854
0

504
0
1710
1890
0

504
0
1710
1926
0

504
0
1710
1962
0

504
0
1602
1854
0

504
0
1602
1890
0

504
0
1602
1926
0

504
0
1602
1962
0

504
0
1494
1854
0

504
0
1494
1890
0

504
0
1494
1926
0

504
0
1494
1962
0

504
0
1386
1854
0

504
0
1386
1890
0

504
0
1386
1926
0

504
0
1386
1962
0

504
0
1638
1350
0

514
0
1674
1350
0

514
0
1710
1350
0

514
0
1746
1350
0

514
0
1422
1350
0

514
0
1458
1350
0

514
0
1494
1350
0

514
0
1530
1350
0

514
0
846
1710
0

487
0
918
1710
0

487
0
1314
1350
0

514
0
1350
1350
0

514
0
810
1710
0

487
0
990
1710
0

487
0
1062
1710
0

487
0
1206
1350
0

514
0
918
1350
0

514
0
954
1350
0

514
0
990
1350
0

514
0
1062
1350
0

514
0
4122
2070
0

526
0
4014
2070
0

510
0
3942
2070
0

515
0
3942
2142
0

516
0
3834
2070
0

528
0
3762
2070
0

528
0
4014
2142
0

505
0
4122
2142
0

505
0
4230
2142
0

505
0
4338
2142
0

505
0
4446
2142
0

505
0
4554
2142
0

505
0
4662
2142
0

505
0
4770
2142
0

505
0
4878
2142
0

505
0
3870
1422
0

505
0
3366
1350
0

514
0
3330
1350
0

514
0
3294
1350
0

514
0
3258
1350
0

514
0
3186
1350
0

514
0
3114
1350
0

514
0
3150
1350
0

514
0
3078
1350
0

514
0
3042
1350
0

514
0
3006
1350
0

514
0
2970
1350
0

514
0
2934
1350
0

514
0
2898
1350
0

514
0
2862
1350
0

514
0
2826
1350
0

514
0
2790
1350
0

514
0
2754
1350
0

514
0
2718
1350
0

514
0
2682
1350
0

514
0
2646
1350
0

514
0
2610
1350
0

514
0
2574
1350
0

514
0
2538
1350
0

514
0
2502
1350
0

514
0
2466
1350
0

514
0
2430
1350
0

514
0
2394
1350
0

514
0
2358
1350
0

514
0
2322
1350
0

514
0
2286
1350
0

514
0
2250
1350
0

514
0
2214
1350
0

514
0
2178
1350
0

514
0
2142
1350
0

514
0
2106
1350
0

514
0
2070
1350
0

514
0
2034
1350
0

514
0
1998
1350
0

514
0
1962
1350
0

514
0
1890
1350
0

514
0
1926
1350
0

514
0
1314
1854
0

504
0
1350
1890
0

504
0
1422
1998
0

503
0
1494
2070
0

484
0
1242
1782
0

505
0
1242
1710
0

510
0
1458
1710
0

510
0
1530
1710
0

510
0
1602
1710
0

526
0
3942
2430
0

487
0
4014
2430
0

487
0
4086
2430
0

487
0
4158
2430
0

487
0
4230
2430
0

487
0
4302
2430
0

487
0
4374
2430
0

487
0
4446
2430
0

487
0
4518
2430
0

487
0
4590
2430
0

487
0
4662
2430
0

487
0
4734
2430
0

487
0
4806
2430
0

487
0
4878
2430
0

487
0
4950
2430
0

487
0
5022
2430
0

487
0
5094
2430
0

487
0
5130
2430
0

487
0
5202
2430
0

487
0
5274
2430
0

487
0
5346
2430
0

487
0
5418
2430
0

487
0
5490
2430
0

487
0
5562
2430
0

487
0
5634
2430
0

487
0
5706
2430
0

487
0
5778
2430
0

487
0
5850
2430
0

487
0
5922
2430
0

487
0
5994
2430
0

487
0
6066
2430
0

487
0
6138
2430
0

487
0
4986
2142
0

505
0
5094
2142
0

505
0
5202
2142
0

505
0
5310
2142
0

505
0
5418
2142
0

505
0
5526
2142
0

505
0
5634
2142
0

505
0
5742
2142
0

505
0
5850
2142
0

505
0
5958
2142
0

505
0
6066
2142
0

505
0
6102
2142
0

505
0
6174
2070
0

514
0
6138
2070
0

514
0
6102
2070
0

514
0
6066
2070
0

514
0
6030
2070
0

514
0
5994
2070
0

514
0
5958
2070
0

514
0
5922
2070
0

514
0
5886
2070
0

514
0
5850
2070
0

514
0
5814
2070
0

514
0
5778
2070
0

514
0
5742
2070
0

514
0
5706
2070
0

514
0
5670
2070
0

514
0
5634
2070
0

514
0
5598
2070
0

514
0
5562
2070
0

514
0
5526
2070
0

514
0
5490
2070
0

514
0
5454
2070
0

514
0
5418
2070
0

514
0
5382
2070
0

514
0
5346
2070
0

514
0
5310
2070
0

514
0
5274
2070
0

514
0
5238
2070
0

514
0
5202
2070
0

514
0
5166
2070
0

514
0
5130
2070
0

514
0
5094
2070
0

514
0
5058
2070
0

514
0
5022
2070
0

514
0
4986
2070
0

514
0
4914
2070
0

514
0
4950
2070
0

514
0
4014
2214
0

504
0
4014
2250
0

504
0
4014
2286
0

504
0
4014
2358
0

503
0
4122
2358
0

503
0
4230
2358
0

503
0
4338
2358
0

503
0
4446
2358
0

503
0
4554
2358
0

503
0
4662
2358
0

503
0
4770
2358
0

503
0
4878
2358
0

503
0
4986
2358
0

503
0
5094
2358
0

503
0
5202
2358
0

503
0
5310
2358
0

503
0
5418
2358
0

503
0
5526
2358
0

503
0
5634
2358
0

503
0
5742
2358
0

503
0
5850
2358
0

503
0
5958
2358
0

503
0
6066
2358
0

503
0
6102
2358
0

503
0
4014
2322
0

504
0
4122
2214
0

504
0
4122
2250
0

504
0
4122
2286
0

504
0
4122
2322
0

504
0
4230
2214
0

504
0
4230
2250
0

504
0
4230
2286
0

504
0
4230
2322
0

504
0
4338
2214
0

504
0
4338
2250
0

504
0
4338
2286
0

504
0
4338
2322
0

504
0
4446
2214
0

504
0
4446
2250
0

504
0
4446
2286
0

504
0
4446
2322
0

504
0
4554
2214
0

504
0
4554
2250
0

504
0
4554
2286
0

504
0
4554
2322
0

504
0
4662
2214
0

504
0
4662
2250
0

504
0
4662
2286
0

504
0
4662
2322
0

504
0
4770
2214
0

504
0
4770
2250
0

504
0
4770
2286
0

504
0
4770
2322
0

504
0
4878
2214
0

504
0
4878
2250
0

504
0
4878
2286
0

504
0
4878
2322
0

504
0
4986
2214
0

504
0
4986
2250
0

504
0
4986
2286
0

504
0
4986
2322
0

504
0
5094
2214
0

504
0
5094
2250
0

504
0
5094
2286
0

504
0
5094
2322
0

504
0
5202
2214
0

504
0
5202
2250
0

504
0
5202
2286
0

504
0
5202
2322
0

504
0
5310
2214
0

504
0
5310
2250
0

504
0
5310
2286
0

504
0
5310
2322
0

504
0
5418
2214
0

504
0
5418
2250
0

504
0
5418
2286
0

504
0
5418
2322
0

504
0
5526
2214
0

504
0
5526
2250
0

504
0
5526
2286
0

504
0
5526
2322
0

504
0
5634
2214
0

504
0
5634
2250
0

504
0
5634
2286
0

504
0
5634
2322
0

504
0
5742
2214
0

504
0
5742
2250
0

504
0
5742
2286
0

504
0
5742
2322
0

504
0
5850
2214
0

504
0
5850
2250
0

504
0
5850
2286
0

504
0
5850
2322
0

504
0
5958
2214
0

504
0
5958
2250
0

504
0
5958
2286
0

504
0
5958
2322
0

504
0
6066
2214
0

504
0
6066
2250
0

504
0
6066
2286
0

504
0
6066
2322
0

504
0
6102
2214
0

504
0
6102
2250
0

504
0
6102
2286
0

504
0
6102
2322
0

504
1
4806
1062
0

480
1
5310
1242
0

504
1
5346
1242
0

483
1
5022
1242
0

478
1
4590
1242
0

478
1
4374
1278
0

482
1
4158
990
0

514
1
4194
990
0

486
1
3870
1062
0

480
1
3690
1098
0

540
1
3690
1242
0

479
1
5418
1386
0

519
1
4302
990
0

502
1
4986
990
0

502
1
3978
990
0

501
1
5130
1602
0

499
1
4770
1602
0

499
1
4266
1350
0

486
1
4986
1638
0

482
1
5166
1458
0

540
1
4806
1458
0

540
1
4086
1458
0

540
1
4050
1602
0

499
1
3690
1602
0

479
1
5274
1710
0

487
1
5346
1710
0

487
1
5202
1710
0

487
1
5418
1710
0

487
1
5166
1710
0

495
1
5130
1746
0

495
1
5094
1782
0

495
1
5058
1818
0

495
1
5022
1854
0

495
1
4986
1890
0

495
1
4950
1926
0

495
1
4914
1962
0

495
1
4878
1998
0

495
1
4446
1710
0

486
1
4554
1890
0

498
1
4626
1818
0

540
1
1854
1350
0

481
1
4842
2034
0

493
1
1278
1350
0

481
1
2214
1350
0

481
1
810
1386
0

517
1
4302
1962
0

478
1
4086
1962
0

479
1
3546
1962
0

499
1
3942
1962
0

483
1
4050
2070
0

510
1
3834
1710
0

486
1
3654
2070
0

528
1
3546
2070
0

528
1
3438
2070
0

528
1
3330
2070
0

528
1
3222
2070
0

528
1
3114
2070
0

528
1
3006
2070
0

528
1
2898
2070
0

528
1
2790
2070
0

528
1
2682
2070
0

528
1
2574
2070
0

528
1
2466
2070
0

528
1
2358
2070
0

528
1
2250
2070
0

528
1
2142
2070
0

528
1
2034
2070
0

528
1
1926
2070
0

528
1
1818
2070
0

528
1
1710
2070
0

528
1
1602
2070
0

528
1
1422
1962
0

492
1
1314
1854
0

492
1
3222
1350
0

481
1
4194
2070
0

527
1
4302
2070
0

527
1
4410
2070
0

527
1
4518
2070
0

527
1
4626
2070
0

527
1
3258
1350
0

502
1
4014
2178
0

540
1
3114
1818
0

540
1
3042
1890
0

498
1
2322
1890
0

498
1
1926
1890
0

540
1
1566
1818
0

540
1
2394
1818
0

540
1
3582
1890
0

540
1
3438
1350
0

481
1
1890
1962
0

499
1
1098
1602
0

499
1
1566
1602
0

499
1
2466
1602
0

499
1
3042
1602
0

499
1
2142
1998
0

482
1
2142
1638
0

482
1
1350
1602
0

483
1
1350
1890
0

492
1
2754
1962
0

478
1
1746
1962
0

478
1
990
1602
0

478
1
1962
1602
0

478
1
2826
1602
0

478
1
3330
1602
0

478
1
2502
1494
0

540
1
3078
1494
0

540
1
1602
1494
0

540
1
1134
1494
0

540
1
2610
1782
0

480
1
3402
1782
0

480
1
3510
1422
0

480
1
2682
1422
0

480
1
2286
1422
0

480
1
1134
1710
0

523
1
1746
1422
0

480
1
5238
990
0

481
1
4122
990
0

481
1
4734
990
0

481
1
1494
1890
0

498
1
1242
1782
0

492
1
1278
1818
0

492
1
1386
1926
0

492
1
1458
1998
0

491
1
1494
2034
0

490
1
2898
1350
0

501
1
954
1350
0

501
1
1962
1350
0

502
1
2466
1350
0

502
1
4734
2070
0

527
1
4842
2070
0

527
1
4446
2070
0

486
1
4122
2322
0

479
1
4590
2322
0

499
1
4986
2322
0

499
1
4842
2250
0

540
1
5346
2070
0

502
1
5274
2070
0

481
1
2898
1962
0

483
1
5562
2070
0

481
1
5850
2070
0

481
1
6138
2070
0

481
1
4374
2358
0

482
1
5058
2070
0

502
1
5670
2070
0

502
1
5958
2070
0

502
