281
1224
2664
0
1260
2664
0
1260
2700
0
1224
2700
0
1224
2700
0
1260
2700
0
1260
2736
0
1224
2736
0
1224
2736
0
1260
2736
0
1260
2772
0
1224
2772
0
1224
2772
0
1260
2772
0
1260
2808
0
1224
2808
0
1224
2808
0
1260
2808
0
1260
2844
0
1224
2844
0
1224
2844
0
1260
2844
0
1260
2880
0
1224
2880
0
1224
2880
0
1260
2880
0
1260
2916
0
1224
2916
0
1224
2916
0
1260
2916
0
1260
2952
0
1224
2952
0
1224
2952
0
1260
2952
0
1260
2988
0
1224
2988
0
1224
2988
0
1260
2988
0
1260
3024
0
1224
3024
0
1224
3024
0
1260
3024
0
1260
3060
0
1224
3060
0
1224
3060
0
1260
3060
0
1260
3096
0
1224
3096
0
1224
3096
0
1260
3096
0
1260
3132
0
1224
3132
0
1224
3132
0
1260
3132
0
1260
3168
0
1224
3168
0
1224
3168
0
1260
3168
0
1260
3204
0
1224
3204
0
1224
3204
0
1260
3204
0
1260
3240
0
1224
3240
0
1224
3240
0
1260
3240
0
1260
3276
0
1224
3276
0
1224
3276
0
1260
3276
0
1260
3312
0
1224
3312
0
1224
3312
0
1260
3312
0
1260
3348
0
1224
3348
0
1224
3348
0
1260
3348
0
1260
3384
0
1224
3384
0
1260
3348
0
1296
3348
0
1296
3384
0
1260
3384
0
1296
3348
0
1332
3348
0
1332
3384
0
1296
3384
0
1332
3348
0
1368
3348
0
1368
3384
0
1332
3384
0
1368
3348
0
1404
3348
0
1404
3384
0
1368
3384
0
1404
3348
0
1440
3348
0
1440
3384
0
1404
3384
0
1440
3348
0
1476
3348
0
1476
3384
0
1440
3384
0
1476
3348
0
1512
3348
0
1512
3384
0
1476
3384
0
1512
3348
0
1548
3348
0
1548
3384
0
1512
3384
0
1548
3348
0
1584
3348
0
1584
3384
0
1548
3384
0
1584
3348
0
1620
3348
0
1620
3384
0
1584
3384
0
1620
3348
0
1656
3348
0
1656
3384
0
1620
3384
0
1656
3348
0
1692
3348
0
1692
3384
0
1656
3384
0
1692
3348
0
1728
3348
0
1728
3384
0
1692
3384
0
1728
3348
0
1764
3348
0
1764
3384
0
1728
3384
0
1764
3348
0
1800
3348
0
1800
3384
0
1764
3384
0
1800
3348
0
1836
3348
0
1836
3384
0
1800
3384
0
1836
3348
0
1872
3348
0
1872
3384
0
1836
3384
0
1872
3348
0
1908
3348
0
1908
3384
0
1872
3384
0
1908
3348
0
1944
3348
0
1944
3384
0
1908
3384
0
1944
3348
0
1980
3348
0
1980
3384
0
1944
3384
0
1980
3348
0
2016
3348
0
2016
3384
0
1980
3384
0
1836
3060
0
1872
3060
0
1872
3096
0
1836
3096
0
1872
3060
0
1908
3060
0
1908
3096
0
1872
3096
0
1836
3096
0
1872
3096
0
1872
3132
0
1836
3132
0
1836
3132
0
1872
3132
0
1872
3168
0
1836
3168
0
1836
3168
0
1872
3168
0
1872
3204
0
1836
3204
0
1872
3168
0
1908
3168
0
1908
3204
0
1872
3204
0
1872
3132
0
1908
3132
0
1908
3168
0
1872
3168
0
1872
3096
0
1908
3096
0
1908
3132
0
1872
3132
0
2016
3384
0
2052
3384
0
2052
3420
0
2016
3420
0
2052
3420
0
2088
3420
0
2088
3456
0
2052
3456
0
2088
3456
0
2124
3456
0
2124
3492
0
2088
3492
0
2124
3492
0
2160
3492
0
2160
3528
0
2124
3528
0
2016
3420
0
2052
3420
0
2052
3456
0
2016
3456
0
2052
3456
0
2088
3456
0
2088
3492
0
2052
3492
0
2088
3492
0
2124
3492
0
2124
3528
0
2088
3528
0
2160
3492
0
2196
3492
0
2196
3528
0
2160
3528
0
2196
3492
0
2232
3492
0
2232
3528
0
2196
3528
0
2232
3492
0
2268
3492
0
2268
3528
0
2232
3528
0
2268
3492
0
2304
3492
0
2304
3528
0
2268
3528
0
2304
3492
0
2340
3492
0
2340
3528
0
2304
3528
0
2340
3492
0
2376
3492
0
2376
3528
0
2340
3528
0
2376
3492
0
2412
3492
0
2412
3528
0
2376
3528
0
2412
3492
0
2448
3492
0
2448
3528
0
2412
3528
0
2448
3492
0
2484
3492
0
2484
3528
0
2448
3528
0
2484
3492
0
2520
3492
0
2520
3528
0
2484
3528
0
2520
3492
0
2556
3492
0
2556
3528
0
2520
3528
0
2556
3492
0
2592
3492
0
2592
3528
0
2556
3528
0
2592
3492
0
2628
3492
0
2628
3528
0
2592
3528
0
2592
3060
0
2628
3060
0
2628
3096
0
2592
3096
0
2628
3060
0
2664
3060
0
2664
3096
0
2628
3096
0
1836
2664
0
1872
2664
0
1872
2700
0
1836
2700
0
1836
2700
0
1872
2700
0
1872
2736
0
1836
2736
0
1836
2736
0
1872
2736
0
1872
2772
0
1836
2772
0
1836
2772
0
1872
2772
0
1872
2808
0
1836
2808
0
1836
2808
0
1872
2808
0
1872
2844
0
1836
2844
0
1836
2844
0
1872
2844
0
1872
2880
0
1836
2880
0
1836
2880
0
1872
2880
0
1872
2916
0
1836
2916
0
1872
2880
0
1908
2880
0
1908
2916
0
1872
2916
0
1872
2844
0
1908
2844
0
1908
2880
0
1872
2880
0
1872
2808
0
1908
2808
0
1908
2844
0
1872
2844
0
1872
2772
0
1908
2772
0
1908
2808
0
1872
2808
0
1872
2736
0
1908
2736
0
1908
2772
0
1872
2772
0
1872
2700
0
1908
2700
0
1908
2736
0
1872
2736
0
1872
2664
0
1908
2664
0
1908
2700
0
1872
2700
0
1224
2628
0
1260
2628
0
1260
2664
0
1224
2664
0
1260
2628
0
1296
2628
0
1296
2664
0
1260
2664
0
1296
2628
0
1332
2628
0
1332
2664
0
1296
2664
0
1332
2628
0
1368
2628
0
1368
2664
0
1332
2664
0
1368
2628
0
1404
2628
0
1404
2664
0
1368
2664
0
1404
2628
0
1440
2628
0
1440
2664
0
1404
2664
0
1440
2628
0
1476
2628
0
1476
2664
0
1440
2664
0
1476
2628
0
1512
2628
0
1512
2664
0
1476
2664
0
1512
2628
0
1548
2628
0
1548
2664
0
1512
2664
0
1548
2628
0
1584
2628
0
1584
2664
0
1548
2664
0
1584
2628
0
1620
2628
0
1620
2664
0
1584
2664
0
1620
2628
0
1656
2628
0
1656
2664
0
1620
2664
0
1656
2628
0
1692
2628
0
1692
2664
0
1656
2664
0
1692
2628
0
1728
2628
0
1728
2664
0
1692
2664
0
1728
2628
0
1764
2628
0
1764
2664
0
1728
2664
0
1764
2628
0
1800
2628
0
1800
2664
0
1764
2664
0
1800
2628
0
1836
2628
0
1836
2664
0
1800
2664
0
1836
2628
0
1872
2628
0
1872
2664
0
1836
2664
0
1872
2628
0
1908
2628
0
1908
2664
0
1872
2664
0
1908
2628
0
1944
2628
0
1944
2664
0
1908
2664
0
1944
2628
0
1980
2628
0
1980
2664
0
1944
2664
0
1980
2628
0
2016
2628
0
2016
2664
0
1980
2664
0
2016
2628
0
2052
2628
0
2052
2664
0
2016
2664
0
2052
2628
0
2088
2628
0
2088
2664
0
2052
2664
0
2088
2628
0
2124
2628
0
2124
2664
0
2088
2664
0
2124
2628
0
2160
2628
0
2160
2664
0
2124
2664
0
2160
2628
0
2196
2628
0
2196
2664
0
2160
2664
0
2196
2628
0
2232
2628
0
2232
2664
0
2196
2664
0
2232
2628
0
2268
2628
0
2268
2664
0
2232
2664
0
2268
2628
0
2304
2628
0
2304
2664
0
2268
2664
0
2304
2628
0
2340
2628
0
2340
2664
0
2304
2664
0
2340
2628
0
2376
2628
0
2376
2664
0
2340
2664
0
2376
2628
0
2412
2628
0
2412
2664
0
2376
2664
0
2412
2628
0
2448
2628
0
2448
2664
0
2412
2664
0
2448
2628
0
2484
2628
0
2484
2664
0
2448
2664
0
2484
2628
0
2520
2628
0
2520
2664
0
2484
2664
0
2520
2628
0
2556
2628
0
2556
2664
0
2520
2664
0
2556
2628
0
2592
2628
0
2592
2664
0
2556
2664
0
2592
2628
0
2628
2628
0
2628
2664
0
2592
2664
0
2592
2664
0
2628
2664
0
2628
2700
0
2592
2700
0
2592
2700
0
2628
2700
0
2628
2736
0
2592
2736
0
2592
2736
0
2628
2736
0
2628
2772
0
2592
2772
0
2592
2772
0
2628
2772
0
2628
2808
0
2592
2808
0
2592
2808
0
2628
2808
0
2628
2844
0
2592
2844
0
2592
2844
0
2628
2844
0
2628
2880
0
2592
2880
0
2592
2880
0
2628
2880
0
2628
2916
0
2592
2916
0
2628
2880
0
2664
2880
0
2664
2916
0
2628
2916
0
2628
2844
0
2664
2844
0
2664
2880
0
2628
2880
0
2628
2808
0
2664
2808
0
2664
2844
0
2628
2844
0
2628
2772
0
2664
2772
0
2664
2808
0
2628
2808
0
2628
2736
0
2664
2736
0
2664
2772
0
2628
2772
0
2628
2700
0
2664
2700
0
2664
2736
0
2628
2736
0
2628
2664
0
2664
2664
0
2664
2700
0
2628
2700
0
2628
2628
0
2664
2628
0
2664
2664
0
2628
2664
0
2592
3096
0
2628
3096
0
2628
3132
0
2592
3132
0
2592
3132
0
2628
3132
0
2628
3168
0
2592
3168
0
2592
3168
0
2628
3168
0
2628
3204
0
2592
3204
0
2592
3204
0
2628
3204
0
2628
3240
0
2592
3240
0
2592
3240
0
2628
3240
0
2628
3276
0
2592
3276
0
2592
3276
0
2628
3276
0
2628
3312
0
2592
3312
0
2592
3312
0
2628
3312
0
2628
3348
0
2592
3348
0
2628
3312
0
2664
3312
0
2664
3348
0
2628
3348
0
2628
3276
0
2664
3276
0
2664
3312
0
2628
3312
0
2628
3240
0
2664
3240
0
2664
3276
0
2628
3276
0
2628
3204
0
2664
3204
0
2664
3240
0
2628
3240
0
2628
3168
0
2664
3168
0
2664
3204
0
2628
3204
0
2628
3132
0
2664
3132
0
2664
3168
0
2628
3168
0
2628
3096
0
2664
3096
0
2664
3132
0
2628
3132
0
2628
3492
0
2664
3492
0
2664
3528
0
2628
3528
0
2664
3492
0
2700
3492
0
2700
3528
0
2664
3528
0
2700
3492
0
2736
3492
0
2736
3528
0
2700
3528
0
2736
3492
0
2772
3492
0
2772
3528
0
2736
3528
0
2772
3492
0
2808
3492
0
2808
3528
0
2772
3528
0
2808
3492
0
2844
3492
0
2844
3528
0
2808
3528
0
2844
3492
0
2880
3492
0
2880
3528
0
2844
3528
0
2880
3492
0
2916
3492
0
2916
3528
0
2880
3528
0
2916
3492
0
2952
3492
0
2952
3528
0
2916
3528
0
2952
3492
0
2988
3492
0
2988
3528
0
2952
3528
0
2988
3492
0
3024
3492
0
3024
3528
0
2988
3528
0
3024
3492
0
3060
3492
0
3060
3528
0
3024
3528
0
3060
3492
0
3096
3492
0
3096
3528
0
3060
3528
0
3096
3492
0
3132
3492
0
3132
3528
0
3096
3528
0
3132
3492
0
3168
3492
0
3168
3528
0
3132
3528
0
3168
3492
0
3204
3492
0
3204
3528
0
3168
3528
0
3204
3492
0
3240
3492
0
3240
3528
0
3204
3528
0
3240
3492
0
3276
3492
0
3276
3528
0
3240
3528
0
3276
3492
0
3312
3492
0
3312
3528
0
3276
3528
0
3312
3492
0
3348
3492
0
3348
3528
0
3312
3528
0
3348
3492
0
3384
3492
0
3384
3528
0
3348
3528
0
3384
3492
0
3420
3492
0
3420
3528
0
3384
3528
0
3420
3492
0
3456
3492
0
3456
3528
0
3420
3528
0
3456
3492
0
3492
3492
0
3492
3528
0
3456
3528
0
3492
3492
0
3528
3492
0
3528
3528
0
3492
3528
0
3528
3492
0
3564
3492
0
3564
3528
0
3528
3528
0
3564
3492
0
3600
3492
0
3600
3528
0
3564
3528
0
3600
3492
0
3636
3492
0
3636
3528
0
3600
3528
0
3636
3492
0
3672
3492
0
3672
3528
0
3636
3528
0
3672
3492
0
3708
3492
0
3708
3528
0
3672
3528
0
3708
3492
0
3744
3492
0
3744
3528
0
3708
3528
0
3744
3492
0
3780
3492
0
3780
3528
0
3744
3528
0
3780
3492
0
3816
3492
0
3816
3528
0
3780
3528
0
3816
3492
0
3852
3492
0
3852
3528
0
3816
3528
0
3852
3492
0
3888
3492
0
3888
3528
0
3852
3528
0
3888
3492
0
3924
3492
0
3924
3528
0
3888
3528
0
3924
3492
0
3960
3492
0
3960
3528
0
3924
3528
0
3960
3492
0
3996
3492
0
3996
3528
0
3960
3528
0
3996
3492
0
4032
3492
0
4032
3528
0
3996
3528
0
4032
3492
0
4068
3492
0
4068
3528
0
4032
3528
0
4068
3492
0
4104
3492
0
4104
3528
0
4068
3528
0
4104
3492
0
4140
3492
0
4140
3528
0
4104
3528
0
4140
3492
0
4176
3492
0
4176
3528
0
4140
3528
0
4176
3492
0
4212
3492
0
4212
3528
0
4176
3528
0
4212
3492
0
4248
3492
0
4248
3528
0
4212
3528
0
4248
3492
0
4284
3492
0
4284
3528
0
4248
3528
0
4284
3492
0
4320
3492
0
4320
3528
0
4284
3528
0
4320
3492
0
4356
3492
0
4356
3528
0
4320
3528
0
4356
3492
0
4392
3492
0
4392
3528
0
4356
3528
0
4392
3492
0
4428
3492
0
4428
3528
0
4392
3528
0
4428
3492
0
4464
3492
0
4464
3528
0
4428
3528
0
4464
3492
0
4500
3492
0
4500
3528
0
4464
3528
0
4464
3456
0
4500
3456
0
4500
3492
0
4464
3492
0
4464
3420
0
4500
3420
0
4500
3456
0
4464
3456
0
4464
3384
0
4500
3384
0
4500
3420
0
4464
3420
0
4464
3348
0
4500
3348
0
4500
3384
0
4464
3384
0
4464
3312
0
4500
3312
0
4500
3348
0
4464
3348
0
4464
3276
0
4500
3276
0
4500
3312
0
4464
3312
0
4464
3240
0
4500
3240
0
4500
3276
0
4464
3276
0
4464
3204
0
4500
3204
0
4500
3240
0
4464
3240
0
4464
3168
0
4500
3168
0
4500
3204
0
4464
3204
0
4464
3132
0
4500
3132
0
4500
3168
0
4464
3168
0
4464
3096
0
4500
3096
0
4500
3132
0
4464
3132
0
4464
3060
0
4500
3060
0
4500
3096
0
4464
3096
0
4464
3024
0
4500
3024
0
4500
3060
0
4464
3060
0
4464
2988
0
4500
2988
0
4500
3024
0
4464
3024
0
4464
2952
0
4500
2952
0
4500
2988
0
4464
2988
0
4464
2916
0
4500
2916
0
4500
2952
0
4464
2952
0
4464
2880
0
4500
2880
0
4500
2916
0
4464
2916
0
4464
2844
0
4500
2844
0
4500
2880
0
4464
2880
0
4464
2808
0
4500
2808
0
4500
2844
0
4464
2844
0
4464
2772
0
4500
2772
0
4500
2808
0
4464
2808
0
4464
2736
0
4500
2736
0
4500
2772
0
4464
2772
0
4464
2700
0
4500
2700
0
4500
2736
0
4464
2736
0
4464
2664
0
4500
2664
0
4500
2700
0
4464
2700
0
4464
2628
0
4500
2628
0
4500
2664
0
4464
2664
0
4464
2592
0
4500
2592
0
4500
2628
0
4464
2628
0
4428
2592
0
4464
2592
0
4464
2628
0
4428
2628
0
4392
2592
0
4428
2592
0
4428
2628
0
4392
2628
0
4356
2592
0
4392
2592
0
4392
2628
0
4356
2628
0
4320
2592
0
4356
2592
0
4356
2628
0
4320
2628
0
4284
2592
0
4320
2592
0
4320
2628
0
4284
2628
0
4248
2592
0
4284
2592
0
4284
2628
0
4248
2628
0
4212
2592
0
4248
2592
0
4248
2628
0
4212
2628
0
4176
2592
0
4212
2592
0
4212
2628
0
4176
2628
0
4140
2592
0
4176
2592
0
4176
2628
0
4140
2628
0
4104
2592
0
4140
2592
0
4140
2628
0
4104
2628
0
4068
2592
0
4104
2592
0
4104
2628
0
4068
2628
0
4032
2592
0
4068
2592
0
4068
2628
0
4032
2628
0
3996
2592
0
4032
2592
0
4032
2628
0
3996
2628
0
3960
2592
0
3996
2592
0
3996
2628
0
3960
2628
0
3924
2592
0
3960
2592
0
3960
2628
0
3924
2628
0
3888
2592
0
3924
2592
0
3924
2628
0
3888
2628
0
3852
2592
0
3888
2592
0
3888
2628
0
3852
2628
0
3816
2592
0
3852
2592
0
3852
2628
0
3816
2628
0
3780
2592
0
3816
2592
0
3816
2628
0
3780
2628
0
3744
2592
0
3780
2592
0
3780
2628
0
3744
2628
0
3708
2592
0
3744
2592
0
3744
2628
0
3708
2628
0
3672
2592
0
3708
2592
0
3708
2628
0
3672
2628
0
3636
2592
0
3672
2592
0
3672
2628
0
3636
2628
0
3600
2592
0
3636
2592
0
3636
2628
0
3600
2628
0
3564
2592
0
3600
2592
0
3600
2628
0
3564
2628
0
3528
2592
0
3564
2592
0
3564
2628
0
3528
2628
0
3492
2592
0
3528
2592
0
3528
2628
0
3492
2628
0
3456
2592
0
3492
2592
0
3492
2628
0
3456
2628
0
3420
2592
0
3456
2592
0
3456
2628
0
3420
2628
0
3384
2592
0
3420
2592
0
3420
2628
0
3384
2628
0
3348
2592
0
3384
2592
0
3384
2628
0
3348
2628
0
3312
2592
0
3348
2592
0
3348
2628
0
3312
2628
0
3276
2592
0
3312
2592
0
3312
2628
0
3276
2628
0
3240
2592
0
3276
2592
0
3276
2628
0
3240
2628
0
3204
2592
0
3240
2592
0
3240
2628
0
3204
2628
0
3168
2592
0
3204
2592
0
3204
2628
0
3168
2628
0
3132
2592
0
3168
2592
0
3168
2628
0
3132
2628
0
3096
2592
0
3132
2592
0
3132
2628
0
3096
2628
0
3060
2592
0
3096
2592
0
3096
2628
0
3060
2628
0
3024
2592
0
3060
2592
0
3060
2628
0
3024
2628
0
2988
2592
0
3024
2592
0
3024
2628
0
2988
2628
0
2952
2592
0
2988
2592
0
2988
2628
0
2952
2628
0
2916
2592
0
2952
2592
0
2952
2628
0
2916
2628
0
2880
2592
0
2916
2592
0
2916
2628
0
2880
2628
0
2844
2592
0
2880
2592
0
2880
2628
0
2844
2628
0
2808
2592
0
2844
2592
0
2844
2628
0
2808
2628
0
2772
2592
0
2808
2592
0
2808
2628
0
2772
2628
0
2736
2592
0
2772
2592
0
2772
2628
0
2736
2628
0
2700
2592
0
2736
2592
0
2736
2628
0
2700
2628
0
2664
2592
0
2700
2592
0
2700
2628
0
2664
2628
0
2628
2592
0
2664
2592
0
2664
2628
0
2628
2628
0
35
1260
3060
0
1296
3060
0
1296
3096
0
1260
3096
0
1296
3060
0
1332
3060
0
1332
3096
0
1296
3096
0
1332
3060
0
1368
3060
0
1368
3096
0
1332
3096
0
1368
3060
0
1404
3060
0
1404
3096
0
1368
3096
0
1404
3060
0
1440
3060
0
1440
3096
0
1404
3096
0
1440
3060
0
1476
3060
0
1476
3096
0
1440
3096
0
1476
3060
0
1512
3060
0
1512
3096
0
1476
3096
0
1512
3060
0
1548
3060
0
1548
3096
0
1512
3096
0
1548
3060
0
1584
3060
0
1584
3096
0
1548
3096
0
1584
3060
0
1620
3060
0
1620
3096
0
1584
3096
0
1620
3060
0
1656
3060
0
1656
3096
0
1620
3096
0
1656
3060
0
1692
3060
0
1692
3096
0
1656
3096
0
1692
3060
0
1728
3060
0
1728
3096
0
1692
3096
0
1728
3060
0
1764
3060
0
1764
3096
0
1728
3096
0
1764
3060
0
1800
3060
0
1800
3096
0
1764
3096
0
1800
3060
0
1836
3060
0
1836
3096
0
1800
3096
0
1908
3060
0
1944
3060
0
1944
3096
0
1908
3096
0
1944
3060
0
1980
3060
0
1980
3096
0
1944
3096
0
1980
3060
0
2016
3060
0
2016
3096
0
1980
3096
0
2016
3060
0
2052
3060
0
2052
3096
0
2016
3096
0
2052
3060
0
2088
3060
0
2088
3096
0
2052
3096
0
2088
3060
0
2124
3060
0
2124
3096
0
2088
3096
0
2124
3060
0
2160
3060
0
2160
3096
0
2124
3096
0
2160
3060
0
2196
3060
0
2196
3096
0
2160
3096
0
2196
3060
0
2232
3060
0
2232
3096
0
2196
3096
0
2232
3060
0
2268
3060
0
2268
3096
0
2232
3096
0
2268
3060
0
2304
3060
0
2304
3096
0
2268
3096
0
2304
3060
0
2340
3060
0
2340
3096
0
2304
3096
0
2340
3060
0
2376
3060
0
2376
3096
0
2340
3096
0
2376
3060
0
2412
3060
0
2412
3096
0
2376
3096
0
2412
3060
0
2448
3060
0
2448
3096
0
2412
3096
0
2448
3060
0
2484
3060
0
2484
3096
0
2448
3096
0
2484
3060
0
2520
3060
0
2520
3096
0
2484
3096
0
2520
3060
0
2556
3060
0
2556
3096
0
2520
3096
0
2556
3060
0
2592
3060
0
2592
3096
0
2556
3096
0
