329
31
58
1134
2106
0

0
31
50
1134
1818
0

0
87
50
3150
1818
0

0
87
67
3150
2430
0

0
23
58
846
2106
0

0
23
50
846
1818
0

0
88
50
3186
1818
0

0
88
67
3186
2430
0

0
24
58
882
2106
0

0
24
50
882
1818
0

0
25
58
918
2106
0

0
25
50
918
1818
0

0
26
58
954
2106
0

0
26
50
954
1818
0

0
27
58
990
2106
0

0
27
50
990
1818
0

0
28
58
1026
2106
0

0
28
50
1026
1818
0

0
29
58
1062
2106
0

0
29
50
1062
1818
0

0
30
58
1098
2106
0

0
30
50
1098
1818
0

0
32
58
1170
2106
0

0
32
50
1170
1818
0

0
33
58
1206
2106
0

0
33
50
1206
1818
0

0
34
58
1242
2106
0

0
34
50
1242
1818
0

0
35
58
1278
2106
0

0
35
50
1278
1818
0

0
36
58
1314
2106
0

0
36
50
1314
1818
0

0
37
58
1350
2106
0

0
37
50
1350
1818
0

0
38
58
1386
2106
0

0
38
50
1386
1818
0

0
39
58
1422
2106
0

0
39
50
1422
1818
0

0
40
58
1458
2106
0

0
40
50
1458
1818
0

0
41
58
1494
2106
0

0
41
50
1494
1818
0

0
42
58
1530
2106
0

0
42
50
1530
1818
0

0
43
58
1566
2106
0

0
43
50
1566
1818
0

0
44
58
1602
2106
0

0
44
50
1602
1818
0

0
45
58
1638
2106
0

0
45
50
1638
1818
0

0
46
58
1674
2106
0

3
46
50
1674
1818
0

0
47
58
1710
2106
0

0
47
50
1710
1818
0

0
47
59
1710
2142
0

2
48
58
1746
2106
0

0
48
50
1746
1818
0

0
48
60
1746
2178
0

2
49
58
1782
2106
0

0
49
50
1782
1818
0

0
49
61
1782
2214
0

2
50
58
1818
2106
0

0
50
50
1818
1818
0

0
50
62
1818
2250
0

2
51
58
1854
2106
0

0
51
50
1854
1818
0

0
51
63
1854
2286
0

2
52
58
1890
2106
0

0
52
50
1890
1818
0

0
52
64
1890
2322
0

2
53
58
1926
2106
0

0
53
50
1926
1818
0

0
53
65
1926
2358
0

2
54
66
1962
2394
0

2
54
58
1962
2106
0

0
54
50
1962
1818
0

0
55
58
1998
2106
0

0
55
50
1998
1818
0

0
55
67
1998
2430
0

3
56
58
2034
2106
0

0
56
50
2034
1818
0

0
56
67
2034
2430
0

0
57
58
2070
2106
0

0
57
50
2070
1818
0

0
57
67
2070
2430
0

0
58
58
2106
2106
0

0
58
50
2106
1818
0

0
58
67
2106
2430
0

0
59
58
2142
2106
0

0
59
50
2142
1818
0

0
59
67
2142
2430
0

0
60
58
2178
2106
0

0
60
50
2178
1818
0

0
60
67
2178
2430
0

0
61
58
2214
2106
0

0
61
50
2214
1818
0

0
61
67
2214
2430
0

0
62
58
2250
2106
0

0
62
50
2250
1818
0

0
62
67
2250
2430
0

0
63
58
2286
2106
0

0
63
50
2286
1818
0

0
63
67
2286
2430
0

0
64
58
2322
2106
0

0
64
50
2322
1818
0

0
64
67
2322
2430
0

0
65
58
2358
2106
0

3
65
50
2358
1818
0

0
65
67
2358
2430
0

0
66
50
2394
1818
0

0
66
67
2394
2430
0

0
66
57
2394
2070
0

2
67
50
2430
1818
0

0
67
67
2430
2430
0

0
67
56
2430
2034
0

2
68
50
2466
1818
0

0
68
67
2466
2430
0

0
68
55
2466
1998
0

2
69
50
2502
1818
0

0
69
67
2502
2430
0

0
69
54
2502
1962
0

2
70
50
2538
1818
0

0
70
67
2538
2430
0

0
70
53
2538
1926
0

2
71
50
2574
1818
0

0
71
67
2574
2430
0

0
71
52
2574
1890
0

2
72
50
2610
1818
0

0
72
51
2610
1854
0

2
72
67
2610
2430
0

0
74
50
2682
1818
0

0
74
67
2682
2430
0

0
75
50
2718
1818
0

0
75
67
2718
2430
0

0
76
50
2754
1818
0

0
76
67
2754
2430
0

0
77
50
2790
1818
0

0
77
67
2790
2430
0

0
78
50
2826
1818
0

0
78
67
2826
2430
0

0
79
50
2862
1818
0

0
79
67
2862
2430
0

0
80
50
2898
1818
0

0
80
67
2898
2430
0

0
81
50
2934
1818
0

0
81
67
2934
2430
0

0
82
50
2970
1818
0

0
82
67
2970
2430
0

0
83
50
3006
1818
0

0
83
67
3006
2430
0

0
84
50
3042
1818
0

0
84
67
3042
2430
0

0
85
50
3078
1818
0

0
85
67
3078
2430
0

0
86
50
3114
1818
0

0
86
67
3114
2430
0

0
89
50
3222
1818
0

0
89
67
3222
2430
0

0
90
50
3258
1818
0

0
90
67
3258
2430
0

0
91
50
3294
1818
0

0
91
67
3294
2430
0

0
92
50
3330
1818
0

0
92
67
3330
2430
0

0
94
50
3402
1818
0

0
94
51
3402
1854
0

2
94
67
3402
2430
0

0
95
50
3438
1818
0

0
95
67
3438
2430
0

0
95
52
3438
1890
0

2
96
50
3474
1818
0

0
96
67
3474
2430
0

0
96
53
3474
1926
0

2
97
50
3510
1818
0

0
97
67
3510
2430
0

0
97
54
3510
1962
0

2
98
50
3546
1818
0

0
98
67
3546
2430
0

0
98
55
3546
1998
0

2
99
50
3582
1818
0

0
99
67
3582
2430
0

0
99
56
3582
2034
0

2
100
50
3618
1818
0

0
100
67
3618
2430
0

0
100
57
3618
2070
0

2
101
58
3654
2106
0

3
101
50
3654
1818
0

0
101
67
3654
2430
0

0
102
58
3690
2106
0

0
102
50
3690
1818
0

0
102
67
3690
2430
0

0
103
58
3726
2106
0

0
103
50
3726
1818
0

0
103
67
3726
2430
0

0
104
58
3762
2106
0

0
104
50
3762
1818
0

0
104
67
3762
2430
0

0
105
58
3798
2106
0

0
105
50
3798
1818
0

0
105
67
3798
2430
0

0
106
58
3834
2106
0

0
106
50
3834
1818
0

0
106
67
3834
2430
0

0
107
58
3870
2106
0

0
107
50
3870
1818
0

0
107
67
3870
2430
0

0
108
58
3906
2106
0

0
108
50
3906
1818
0

0
108
67
3906
2430
0

0
109
58
3942
2106
0

0
109
50
3942
1818
0

0
109
67
3942
2430
0

0
110
58
3978
2106
0

0
110
50
3978
1818
0

0
110
67
3978
2430
0

0
111
58
4014
2106
0

0
111
50
4014
1818
0

0
111
67
4014
2430
0

0
112
58
4050
2106
0

0
112
50
4050
1818
0

0
112
67
4050
2430
0

0
113
58
4086
2106
0

0
113
50
4086
1818
0

0
113
67
4086
2430
0

0
114
58
4122
2106
0

0
114
50
4122
1818
0

0
114
67
4122
2430
0

0
115
58
4158
2106
0

0
115
50
4158
1818
0

0
115
67
4158
2430
0

0
116
58
4194
2106
0

0
116
50
4194
1818
0

0
116
41
4194
1494
0

0
116
67
4194
2430
0

0
117
58
4230
2106
0

0
117
50
4230
1818
0

0
117
41
4230
1494
0

0
117
67
4230
2430
0

0
118
58
4266
2106
0

0
118
50
4266
1818
0

0
118
41
4266
1494
0

0
118
67
4266
2430
0

0
119
58
4302
2106
0

0
119
50
4302
1818
0

0
119
41
4302
1494
0

0
119
67
4302
2430
0

0
120
58
4338
2106
0

0
120
50
4338
1818
0

0
120
41
4338
1494
0

0
120
67
4338
2430
0

0
121
58
4374
2106
0

0
121
50
4374
1818
0

0
121
41
4374
1494
0

0
121
67
4374
2430
0

0
122
58
4410
2106
0

0
122
50
4410
1818
0

0
122
41
4410
1494
0

0
122
67
4410
2430
0

0
123
58
4446
2106
0

0
123
50
4446
1818
0

0
123
41
4446
1494
0

0
123
67
4446
2430
0

0
124
58
4482
2106
0

0
124
50
4482
1818
0

0
124
41
4482
1494
0

0
124
67
4482
2430
0

0
125
58
4518
2106
0

0
125
50
4518
1818
0

0
125
41
4518
1494
0

0
125
67
4518
2430
0

0
126
58
4554
2106
0

0
126
50
4554
1818
0

0
126
41
4554
1494
0

0
126
67
4554
2430
0

0
127
58
4590
2106
0

0
127
50
4590
1818
0

0
127
41
4590
1494
0

0
127
67
4590
2430
0

0
128
58
4626
2106
0

0
128
50
4626
1818
0

0
128
41
4626
1494
0

0
128
67
4626
2430
0

0
129
58
4662
2106
0

0
129
50
4662
1818
0

0
129
41
4662
1494
0

0
129
67
4662
2430
0

3
130
66
4698
2394
0

2
130
58
4698
2106
0

0
130
50
4698
1818
0

0
130
41
4698
1494
0

0
131
58
4734
2106
0

0
131
50
4734
1818
0

0
131
65
4734
2358
0

2
131
41
4734
1494
0

0
132
58
4770
2106
0

0
132
50
4770
1818
0

0
132
41
4770
1494
0

0
132
64
4770
2322
0

2
133
58
4806
2106
0

0
133
50
4806
1818
0

0
133
41
4806
1494
0

0
133
63
4806
2286
0

2
134
58
4842
2106
0

0
134
50
4842
1818
0

0
134
62
4842
2250
0

2
135
58
4878
2106
0

0
135
50
4878
1818
0

0
135
61
4878
2214
0

2
136
58
4914
2106
0

0
136
50
4914
1818
0

0
136
60
4914
2178
0

2
137
58
4950
2106
0

0
137
50
4950
1818
0

0
137
59
4950
2142
0

2
139
58
5022
2106
0

0
140
58
5058
2106
0

0
141
58
5094
2106
0

0
142
58
5130
2106
0

0
143
58
5166
2106
0

0
144
58
5202
2106
0

0
145
58
5238
2106
0

0
146
58
5274
2106
0

0
147
58
5310
2106
0

0
148
58
5346
2106
0

0
93
67
3366
2430
0

0
93
50
3366
1818
0

3
73
67
2646
2430
0

0
73
50
2646
1818
0

3
138
58
4986
2106
0

3
