4
4649
2430
0
4980
2109
0
2341
2104
0
2647
1814
0
3370
1818
0
3670
2104
0
2017
2429
0
1673
2105
0
27
4825.44
1602.78
0
4825.44
1492.56
0
4172.56
1488.63
0
4173.67
1611.59
0
4035.46
1228.23
0
4036.23
1715.92
0
4961.53
1831.18
0
4962.12
1228.53
0
2083
2195
0
2083
2127
0
833
1554
0
833
1830
0
1302
1978
0
1302
1838
0
1435
1835
0
1436
1909
0
1542
1552
0
1542
1691
0
1626
1627
0
1626
1689
0
1217
1910
0
1218
1980
0
2237
1835
0
2237
1906
0
2696
1625
0
2696
1694
0
2776
1624
0
2776
1625
0
2780
1694
0
2779
1623
0
3163
1624
0
3164
1696
0
3245
1624
0
3245
1691
0
3739
1909
0
3739
1838
0
4461
1911
0
4460
1978
0
4540
1912
0
4540
1974
0
4040
2125
0
4039
2200
0
4170
2198
0
4169
2123
0
4649
2119
0
4649
2197
0
3642
2198
0
3642
2304
0
3557
2198
0
3557
2306
0
2528
2198
0
2528
2307
0
2443
2202
0
2443
2304
0
