49
9
884
2070
0

1
0
8
5314
2091
0

1
0
2
2877
1780
0

-1
1
2
3123
1782
0

-1
1
2
1491
1782
0

1
3
2
1500
2066
0

-1
1
2
2342
2395
0

-1
1
2
3872
2387
0

-1
2
2
4352
2063
0

-1
2
2
4844
1784
0

-1
2
2
4061
1771
0

1
3
2
2008
1773
0

1
3
3
2774
1788
0

-1
1
3
1005
1794
0

1
1
3
4383
2401
0

-1
2
3
2224
2401
0

1
2
3
3220
2408
0

-1
3
3
3333
2404
0

-1
3
3
3825
2079
0

-1
2
3
3978
2069
0

1
1
3
4229
2075
0

1
1
3
4428
2072
0

1
1
13
4273
2091
0

1
1
13
4178
2096
0

1
1
13
4091
2090
0

1
1
13
4007
2089
0

1
1
13
3929
2094
0

1
1
13
3857
2092
0

1
1
13
4359
2090
0

1
1
13
4450
2093
0

1
1
3
4785
1466
0

-1
1
3
4558
1460
0

-1
2
3
4276
1466
0

1
1
3
4569
1795
0

-1
1
3
5234
2073
0

-1
1
0
3803
2389
0

-1
1
0
4092
2392
0

-1
1
0
2207
2063
0

-1
1
4
1266
1789
0

-1
1
4
2535
1881
0

-1
1
4
2936
2401
0

-1
1
7
3567
1955
0

-1
1
7
4712
1787
0

-1
1
12
1283
2039
0

1
0
12
1606
1752
0

1
0
12
2745
1746
0

1
0
12
3233
1749
0

1
0
12
4528
2038
0

1
0
12
4026
1748
0

1
0
